22.06	22.25	22.25	1024.30		
22.12	22.25	22.31	1024.30		
22.12	22.25	22.25	1024.30	0.00	0.00
21.87	22.06	21.94	1022.90		
21.87	22.06	22.00	1024.00		
21.87	22.06	22.00	1025.20	0.00	0.00
21.87	22.06	22.00	1024.10	0.00	0.00
21.87	22.12	22.00	1024.10	0.00	0.00
21.94	22.06	22.00	1024.00	0.00	0.00
21.94	22.06	22.00	1025.20	0.00	0.00
21.94	22.06	22.00	1026.30	0.00	0.00
21.94	22.06	22.00	1025.20	0.00	0.00
21.94	22.12	22.00	1025.20	0.00	0.00
21.94	22.12	22.00	1024.00	0.00	0.00
21.94	22.12	22.00	1025.20	0.00	0.00
21.94	22.12	22.00	1025.20	0.00	0.00
21.94	22.06	22.00	1024.00	0.00	0.00
21.94	22.12	22.00	1025.20	0.00	0.00
21.94	22.12	22.00	1025.20	0.00	˜.0˜
21.94	22.12	22.00	1025.10	0.00	
21.94	22.12	22.00	1025.20	0.00	0.00
21.94	22.12	22.00	1025.20	0.00	0.00
21.94	22.12	22.00	1025.10	0.00	0.00
21.94	22.12	22.00	1025.20	0.00	0.00
21.94	22.06	22.00	1024.00	0.00	0.00
21.94	22.12	22.00	1025.10	0.00	0.00
21.94	22.12	22.00	1024.00	0.00	0.00
21.94	22.06	22.00	1024.00	0.00	
21.87	22.12	22.00	1024.00	0.00	0.00
21.94	22.12	22.00	1025.10	0.00	0.00
21.87	22.06	22.00	1024.00	0.00	0.00
21.94	22.12	22.00	1024.00	0.00	0.00
21.94	22.12	22.00	1025.10	0.00	0.00
21.94	22.12	22.00	1024.00	˜.0˜,0,0.00,1.0˜0	0.00,1.0˜0
21.94	22.06	22.00	1022.90	0.00	0.00
21.94	22.12	22.00	1024.00	0.00	
21.94	22.06	22.00	1025.10	0.00	0.00
21.94	22.12	22.00	1025.10	0.00	0.00
21.94	22.12	22.00	1024.00	0.00	0.00
21.94	22.12	22.00	1025.10	0.00	0.00
21.94	22.12	22.00	1025.10	0.00	0.00
21.94	22.12	22.00	1025.10	0.00	0.00
21.94	22.06	22.00	1022.90	0.00	
21.94	22.06	22.00	1025.10	0.00	0.00
21.94	22.06	22.00	1025.10	0.00	0.00
21.87	22.12	22.00	1024.00	0.00	0.00
21.94	22.12	22.00	1025.10	0.00	0.00
21.94	22.12	22.00	1024.00	0.00	0.00
21.94	22.06	21.94	1024.00	0.00	0.00
21.94	22.12	22.00	1025.10	0—00–0	1.000
21.94	22.06	22.00	1025.10	0—00–0	
21.87	22.06	22.00	1022.90	0.00	0.00
21.94	22.06	22.00	1024.00	0.00	0.00
21.94	22.12	22.00	1025.10	0.00	0.00
21.94	22.12	21.94	1024.00	0.00	0.00
21.87	22.06	22.00	1025.10	0.00	0.00
21.94	22.12	22.00	1025.10	0.00	0.00
21.94	22.06	22.00	1024.00	0.00	0.00
21.94	22.12	22.00	1025.10	0.00	
21.87	22.06	22.00	1025.10	0.00	0.00
21.94	22.12	22.00	1025.10	0.00	0.00
21.87	22.06	22.00	1024.00	0.00	0.00
21.94	22.06	22.00	1025.10	0.00	0.00
21.87	22.06	22.00	1024.00	0.00	0.00
21.94	22.12	22.00	1025.10	0.00	0.00
21.94	22.06	22.00	1025.10	0.00–0	1—000
21.87	22.12	21.94	1025.00	0.00–0	
21.87	22.06	22.00	1025.10	0.00	0.00
21.94	22.06	22.00	1024.00	0.00	0.00
21.87	22.06	21.94	1025.10	0.00	0.00
21.87	22.06	21.94	1025.10	0.00	0.00
21.94	22.06	22.00	1025.10	0.00	0.00
21.94	22.06	21.94	1024.00	0.00	0.00
21.87	22.06	22.00	1024.00	0.00	0.00
21.87	22.06	21.94	1026.20	0.00	
21.94	22.06	21.94	1022.80	0.00	0.00
21.94	22.06	22.00	1025.10	0.00	0.00
21.94	22.06	21.94	1025.10	0.00	0.00
21.94	22.12	21.94	1024.00	0.00	0.00
21.87	22.12	22.00	1025.10	0.00	0.00
21.94	22.12	22.00	1025.00	0.00	0.00
21.94	22.06	21.94	1024.00	0.00	0.00
21.94	22.06	21.94	1024.00	0.00	
21.94	22.12	22.00	1024.00	0.00	0.00
21.94	22.12	22.00	1025.10	0.00	0.00
21.94	22.12	22.00	1024.00	0.00	0.00
21.94	22.12	22.00	1024.00	0.00	0.00
21.94	22.12	22.00	1024.00	0.00	0.00
22.00	22.12	22.00	1025.10	0.00	0.00
21.94	22.12	22.00	1023.90	0.00	0.00
22.00	22.12	22.00	1025.00	0.00	
21.94	22.12	22.00	1025.10	0.00	0.00
22.00	22.12	22.00	1025.10	0.00	0.00
22.00	22.12	22.00	1024.00	0.00	0.00
22.00	22.12	22.00	1024.00	0.00	0.00
22.00	22.12	22.00	1024.00	0.00	0.00
22.00	22.12	22.00	1024.00	˜.0˜,0–0.˜0,1.000	0.˜0,1.000
22.00	22.12	22.00	1023.90	0.00	0.00
22.00	22.12	22.00	1024.00	0.00	
22.00	22.12	22.00	1024.00	0.00	0.00
22.00	22.12	22.00	1024.00	0.00	0.00
22.00	22.12	22.00	1025.10	0.00	0.00
22.00	22.12	22.00	1024.00	0.00	0.00
22.00	22.19	22.00	1025.10	0.00	0.00
22.00	22.12	22.00	1025.10	0.00	0.00
22.00	22.12	22.00	1023.90	0.00	0.00
21.94	22.12	22.00	1022.90	0.00	
22.00	22.12	22.00	1025.10	0.00	0.00
22.00	22.12	22.00	1024.00	0.00	0.00
22.00	22.12	22.00	1024.00	0.00	0.00
22.00	22.12	22.00	1023.90	0.00	0.00
22.00	22.12	22.00	1023.90	0.00	0.00
21.94	22.12	22.00	1024.00	0.˜0	0.00
21.94	22.12	22.00	1026.20	0.˜0	
22.00	22.12	22.00	1022.80	0.00	0.00
21.94	22.12	22.00	1024.00	0.00	0.00
21.94	22.12	22.00	1025.10	0.00	0.00
21.94	22.12	21.94	1024.00	0.00	0.00
21.94	22.12	21.94	1025.10	0.00	0.00
21.94	22.12	21.94	1024.00	0.00	0.00
21.94	22.12	21.94	1025.10	0.00	0.00
21.94	22.12	21.94	1025.10	0.00	
21.94	22.12	22.00	1023.90	0.00	0.00
21.94	22.12	21.94	1024.00	0.00	0.00
21.94	22.12	22.00	1025.10	0.00	0.00
21.94	22.12	21.94	1025.10	0.00	0.00
21.94	22.12	21.94	1025.10	0.00	0.00
21.94	22.12	22.00	1024.00	0.00	0.00
21.94	22.12	21.94	1023.90	0.00	0.00
21.94	22.12	21.94	1025.10	0.00	
21.94	22.12	21.94	1024.00	0.00	0.00
21.94	22.12	21.94	1025.10	0.00	0.00
21.94	22.12	21.94	1024.00	0.00	0.00
21.94	22.12	21.94	1023.90	0.00	0.00
21.94	22.12	21.94	1023.90	0.00	0.00
21.94	22.12	21.94	1024.00	0.00	0.00
21.87	22.06	21.94	1023.90	0.00	0.00
21.94	22.12	21.94	1024.00	0.00	
21.87	22.06	21.94	1025.10	0.00	0.00
21.94	22.06	21.94	1025.10	0.00	0.00
21.94	22.06	21.94	1023.90	0.00	0.00
21.94	22.12	21.94	1023.90	0.00	0.00
21.94	22.06	21.94	1025.00	0.00	0.00
21.94	22.06	21.94	1027.30	˜.00,0,˜.00,1.000	˜.00,1.000
21.94	22.12	21.94	1026.20	˜.00,0,˜.00,1.000	˜.00,1.000
21.94	22.12	21.94	1022.80	0.00	0.00
21.94	22.12	21.94	1023.90	0.00	0.00
21.94	22.12	21.94	1023.90	0.00	0.00
21.94	22.12	21.94	1025.10	0.00	0.00
21.94	22.12	21.94	1023.90	0.00	0.00
21.94	22.12	21.94	1025.10	0.00	0.00
21.94	22.12	21.94	1024.00	0.00	0.00
21.94	22.12	21.94	1024.00	0.00	
21.94	22.12	21.94	1025.10	0.00	0.00
21.94	22.12	21.94	1025.10	0.00	0.00
21.94	22.12	21.94	1025.10	0.00	0.00
21.94	22.12	21.94	1024.00	0.00	0.00
21.94	22.12	21.94	1023.90	0.00	0.00
21.94	22.12	21.94	1023.90	0.00	0.00
21.94	22.12	21.94	1025.10	0.00	0.00
22.00	22.12	21.94	1023.90	0.00	
21.94	22.12	21.94	1025.10	0.00	0.00
21.94	22.12	21.94	1023.90	0.00	0.00
21.94	22.12	21.94	1023.90	0.00	0.00
21.94	22.12	21.94	1023.90	0.00	0.00
21.94	22.12	21.94	1023.90	0.00	0.00
21.94	22.12	21.94	1023.90	0.00	0.00
21.94	22.12	21.94	1022.80	0.00	0.00
21.94	22.12	21.94	1026.20	0.00	
21.94	22.12	21.94	1023.90	0.00	0.00
21.94	22.12	21.94	1025.10	0.00	0.00
21.94	22.12	21.94	1023.90	0.00	0.00
21.94	22.12	21.94	1025.10	0.00	0.00
22.00	22.12	21.94	1025.10	0.00	0.00
21.94	22.06	22.00	1023.90	0.00	0.00
22.00	22.12	21.94	1023.90	0.00	0.00
21.94	22.12	21.94	1022.80	0.00	
22.00	22.12	21.94	1025.00	0.00	0.00
21.94	22.12	22.00	1023.90	0.00	0.00
21.94	22.12	21.94	1023.90	0.00	0.00
21.94	22.06	21.94	1023.90	0.00	0.00
21.94	22.06	21.94	1025.00	0.00	0.00
21.94	22.06	21.94	1023.90	0.00	0.00
21.81	22.00	21.87	1023.90	0—˜˜	0.00
21.87	22.00	21.81	1025.00	0.00	0.00
21.81	22.00	21.81	1023.90	0.00	0.00
21.81	21.94	21.81	1023.90	0.00	0.00
21.81	21.94	21.81	1023.90	0.00	0.00
21.75	21.94	21.81	1023.80	0.00	0.00
21.75	21.94	21.75	1023.90	0.00	0.00
21.75	21.94	21.75	1022.70	0.00	0.00
21.75	21.94	21.75	1022.70	0.00	
21.69	21.87	21.75	1024.90	0.00	0.00
21.69	21.87	21.75	1023.80	0.00	0.00
21.69	21.87	21.69	1023.80	0.00	0.00
21.69	21.87	21.75	1023.80	0.00	0.00
21.69	21.87	21.69	1023.80	0.00	0.00
21.69	21.87	21.69	1023.80	0.00	0.00
21.69	21.87	21.69	1024.90	0.00	0.00
21.69	21.87	21.69	1023.80	0.00	
21.69	21.81	21.69	1022.70	0.00	0.00
21.69	21.81	21.69	1023.80	0.00	0.00
21.69	21.81	21.69	1023.80	0.00	0.00
21.62	21.87	21.69	1023.80	0.00	0.00
21.69	21.81	21.69	1023.80	0.00	0.00
21.69	21.81	21.69	1023.80	0.00	0.00
21.69	21.81	21.69	1024.90	0.˜0	0—00
21.69	21.81	21.69	1023.80	0.˜0	
21.69	21.81	21.69	1022.70	0.00	0.00
21.69	21.81	21.69	1023.80	0.00	0.00
21.69	21.81	21.75	1023.80	0.00	0.00
21.69	21.81	21.69	1023.80	0.00	0.00
21.69	21.81	21.69	1023.80	0.00	0.00
21.62	21.81	21.69	1024.90	0.00	0.00
21.62	21.81	21.69	1023.80	˜.0˜,0–0.˜0,1.000	0.˜0,1.000
21.62	21.81	21.69	1022.70	˜.0˜,0–0.˜0,1.000	0.˜0,1.000
21.62	21.81	21.69	1023.80	0.00	0.00
21.62	21.75	21.69	1023.80	0.00	0.00
21.62	21.81	21.69	1023.80	0.00	0.00
21.62	21.81	21.69	1023.80	0.00	0.00
21.62	21.81	21.69	1023.80	0.00	0.00
21.62	21.81	21.69	1024.90	0—00	0.0˜
21.62	21.81	21.69	1024.90	0.00	0.00
21.62	21.81	21.69	1024.90	0.00	
21.62	21.81	21.69	1023.80	0.00	0.00
21.62	21.81	21.69	1023.80	0.00	0.00
21.62	21.81	21.69	1023.80	0.00	0.00
21.69	21.81	21.75	1024.90	0.00	0.00
21.62	21.81	21.75	1022.60	0.00	0.00
21.69	21.81	21.75	1023.80	0.00	0.00
21.62	21.81	21.75	1024.90	0.00	0.00
21.62	21.81	21.75	1023.80	0.00	
21.69	21.81	21.75	1023.70	0.00	0.00
21.62	21.81	21.75	1023.70	0.00	0.00
21.62	21.81	21.69	1023.70	0.00	0.00
21.62	21.81	21.69	1023.70	0.00	0.00
21.62	21.81	21.69	1023.70	0.00	0.00
21.62	21.81	21.69	1023.70	0.00	0.0˜–1.000
21.62	21.81	21.69	1023.70	0.00	0.00
21.62	21.81	21.69	1023.70	0.00	
21.62	21.81	21.69	1023.70	0.00	0.00
21.62	21.81	21.69	1023.70	0.00	0.00
21.62	21.75	21.69	1023.70	0.00	0.00
21.62	21.81	21.69	1023.70	0.00	0.00
21.62	21.81	21.69	1024.80	0.00	0.00
21.62	21.81	21.75	1022.60	0.00	0.00
21.62	21.81	21.75	1023.70	0.00	
21.62	21.81	21.69	1023.70	0.00	0.00
21.62	21.81	21.69	1022.60	0.00	0.00
21.62	21.81	21.75	1023.70	0.00	0.00
21.69	21.81	21.69	1023.70	0.00	0.00
21.62	21.81	21.69	1023.70	0.00	0.00
21.62	21.81	21.69	1023.70	0.00	0.00
21.62	21.81	21.69	1023.70	0.00	0.00
21.62	21.81	21.69	1024.80	0.00	
21.62	21.81	21.75	1023.70	0.00	0.00
21.62	21.81	21.69	1023.70	0.00	0.00
21.62	21.81	21.69	1023.70	0.00	0.00
21.62	21.81	21.75	1023.70	0.00	0.00
21.62	21.81	21.69	1023.70	0.00	0.00
21.69	21.81	21.69	1024.80	0.00	0.00
21.62	21.81	21.69	1024.80	0—00	0.00
21.62	21.81	21.69	1023.70	0—00	
21.62	21.81	21.69	1023.70	0.00	0.00
21.62	21.81	21.69	1023.70	0.00	0.00
21.62	21.81	21.69	1023.70	0.00	0.00
21.62	21.81	21.69	1023.70	0.00	0.00
21.69	21.81	21.69	1023.70	0.00	0.00
21.62	21.81	21.69	1023.70	0.00	0.00
21.62	21.81	21.69	1023.60	0.00	0.00
21.62	21.81	21.69	1022.50	0.00	
21.62	21.81	21.69	1024.70	0.00	0.00
21.62	21.75	21.69	1023.60	0.00	0.00
21.62	21.81	21.69	1023.60	0.00	0.00
21.62	21.81	21.69	1023.60	0.00	0.00
21.62	21.81	21.69	1023.60	0.00	0.00
21.62	21.81	21.69	1023.60	0.00	0.00
21.62	21.81	21.69	1023.60	0.00	0.0˜
21.62	21.81	21.69	1023.60	0.00	
21.62	21.81	21.69	1022.50	0.00	0.00
21.62	21.81	21.69	1023.60	0.00	0.00
21.62	21.81	21.69	1023.60	0.00	0.00
21.62	21.75	21.69	1023.60	0.00	0.00
21.69	21.81	21.69	1023.60	0.00	0.00
21.62	21.75	21.69	1023.60	0.00	0.00
21.62	21.75	21.69	1024.70	0.00	0.00
21.62	21.81	21.69	1022.40	0.00	0.00
21.62	21.75	21.69	1023.60	0.00	0.00
21.62	21.81	21.69	1023.60	0.00	0.00
21.62	21.81	21.69	1023.60	0.00	0.00
21.62	21.75	21.69	1023.60	0.00	0.00
21.62	21.81	21.69	1022.50	0.00	0.00
21.62	21.81	21.69	1023.60	0.00	0—00–1.˜00
21.62	21.75	21.69	1023.60	0.00	
21.62	21.75	21.69	1023.60	0.00	0.00
21.62	21.75	21.69	1023.60	0.00	0.00
21.56	21.75	21.62	1023.60	0.00	0.00
21.56	21.69	21.62	1023.60	0.00	0.00
21.56	21.69	21.62	1023.60	0.00	0.00
21.50	21.69	21.62	1023.50	0.00	0.00
21.50	21.69	21.62	1023.60	0.00	0.00
21.50	21.69	21.62	1022.50	0.00	
21.50	21.69	21.62	1023.60	0.00	0.00
21.50	21.75	21.62	1023.50	0.00	0.00
21.50	21.75	21.62	1023.50	0.00	0.00
21.50	21.69	21.62	1023.50	0.00	0.00
21.50	21.69	21.62	1023.50	0.00	0.00
21.50	21.69	21.62	1024.70	0.00	0.00
21.56	21.69	21.62	1023.50	0.00	0.00
21.50	21.69	21.62	1023.50	0.00	
21.50	21.69	21.62	1023.50	0.00	0.00
21.56	21.69	21.62	1023.50	0.00	0.00
21.56	21.69	21.62	1023.50	0.00	0.00
21.56	21.69	21.62	1023.50	0.00	0.00
21.56	21.69	21.62	1023.50	0.00	0.00
21.50	21.69	21.62	1023.50	0.00	0.00
21.50	21.69	21.62	1023.50	0.00	0.00
21.44	21.62	21.56	1023.50	0.00	
21.37	21.62	21.50	1023.40	0.00	0.00
21.31	21.56	21.50	1023.40	0.00	0.00
21.31	21.50	21.44	1023.40	0.00	0.00
21.19	21.44	21.37	1023.30	0.00	0.00
21.19	21.37	21.31	1023.30	0.00	0.00
21.12	21.31	21.31	1022.20	0.00	0.00
21.06	21.25	21.25	1024.40	0.0˜	0.00
21.06	21.25	21.25	1023.30	0.0˜	
21.00	21.19	21.19	1024.40	0.00	0.00
21.00	21.12	21.12	1023.20	0.00	0.00
20.94	21.06	21.12	1023.30	0.00	0.00
20.94	21.06	21.12	1023.30	0.00	0.00
20.94	21.06	21.06	1024.40	0.00	0.00
20.87	21.00	21.06	1023.30	0.00	0.00
20.87	20.94	21.00	1024.40	0.00	0.00
20.81	20.94	21.00	1022.10	0.00	
20.81	20.87	21.00	1023.20	0.00	0.00
20.81	20.94	21.00	1023.30	0.00	0.00
20.87	20.94	21.00	1023.20	0.00	0.00
20.81	20.87	21.00	1023.20	0.00	0.00
20.87	20.94	21.00	1024.30	0.00	0.00
20.87	20.94	21.00	1024.40	0.00	0.00
20.87	20.94	21.00	1023.30	0.00–0	1.000
20.87	20.94	21.00	1024.30	0.00–0	
20.87	20.94	21.06	1022.10	0.00	0.00
20.87	20.94	21.06	1024.30	0.00	0.00
20.87	20.94	21.06	1023.20	0.00	0.00
20.94	20.94	21.00	1023.20	0.00	0.00
20.87	20.94	21.00	1024.30	0.00	0.00
20.87	20.94	21.00	1024.30	0.˜˜	0.00
20.94	20.94	21.00	1023.20	0.00	0.00
20.94	20.87	21.00	1022.10	0.00	
20.94	20.94	21.06	1024.20	0.00	0.00
20.94	20.87	21.00	1024.20	0.00	0.00
20.94	20.87	21.00	1023.10	0.00	0.00
20.94	20.87	21.00	1024.20	0.00	0.00
20.94	20.87	21.00	1023.10	0.00	0.00
20.94	20.87	21.00	1023.10	0.00	0.00
20.94	20.81	21.00	1023.10	0.00	
20.94	20.87	21.00	1024.20	0.00	0.00
20.94	20.81	21.00	1024.20	0.00	0.00
20.94	20.81	21.00	1023.10	0.00	0.00
21.00	20.81	21.00	1023.10	0.00	0.00
20.94	20.81	21.00	1024.20	0.00	0.00
20.94	20.81	21.00	1023.10	0.00	0.00
20.94	20.81	21.00	1024.20	0.00	0.00
20.94	20.81	21.00	1023.10	0.00	
20.94	20.81	21.00	1023.10	0.00	0.00
20.94	20.81	21.00	1023.10	0.00	0.00
20.94	20.81	21.00	1023.00	0.00	0.00
20.94	20.75	21.00	1023.00	0.00	0.00
20.94	20.81	21.06	1024.20	0.00	0.00
20.94	20.75	21.00	1024.20	0.00	0.00
21.00	20.81	21.00	1024.10	0.00	0.00
21.00	20.75	21.00	1024.20	0.00	
21.00	20.81	21.06	1024.10	0.00	0.00
21.00	20.75	21.06	1023.00	0.00	0.00
21.00	20.81	21.06	1024.10	0.00	0.00
21.00	20.81	21.06	1024.10	0.00	0.00
21.00	20.75	21.06	1024.10	0.00	0.00
21.00	20.75	21.06	1024.10	0.00	0.00
21.00	20.75	21.00	1023.00	0.00	1.000
21.00	20.75	21.00	1023.00	0.00	
20.94	20.75	21.00	1023.00	0.00	0.00
20.94	20.69	21.00	1024.10	0.00	0.00
20.94	20.69	21.00	1024.10	0.00	0.00
20.94	20.69	20.94	1024.10	0.00	0.00
20.94	20.69	20.94	1024.10	0.00	0.00
20.94	20.69	20.94	1022.90	0.00	0.00
20.94	20.69	20.94	1022.90	0.˜0	0.00
20.94	20.69	20.94	1022.90	0.˜0	
20.94	20.69	20.94	1022.90	0.00	0.00
20.94	20.62	20.94	1024.00	0.00	0.00
20.94	20.62	20.87	1024.00	0.00	0.00
20.94	20.62	20.87	1024.00	0.00	0.00
20.87	20.56	20.87	1024.00	0.00	0.00
20.87	20.56	20.81	1021.70	0.00	0.00
20.81	20.56	20.75	1023.90	0.00	0.00
20.81	20.50	20.81	1022.80	0.00	0.00
20.81	20.50	20.75	1022.80	0.00	0.00
20.81	20.50	20.75	1023.90	0.00	0.00
20.81	20.50	20.75	1023.90	0.00	0.00
20.81	20.50	20.75	1023.90	0.00	0.00
20.81	20.50	20.69	1022.80	0.00	0.00
20.81	20.44	20.69	1022.80	0.˜0	0.00
20.81	20.44	20.69	1023.90	0.˜0	
20.81	20.44	20.69	1022.80	0.00	0.00
20.81	20.44	20.69	1023.90	0.00	0.00
20.75	20.44	20.69	1023.80	0.00	0.00
20.75	20.37	20.69	1023.80	0.00	0.00
20.75	20.31	20.62	1023.80	0.00	0.00
20.75	20.31	20.62	1024.90	0.00	0.00
20.69	20.25	20.62	1024.90	0.00	0.˜0–˜—000
20.69	20.19	20.62	1023.80	0.00	
20.69	20.12	20.56	1022.70	0.00	0.00
20.69	20.12	20.56	1022.70	0.00	0.00
20.62	20.12	20.56	1022.70	0.00	0.00
20.62	20.06	20.50	1023.80	0.00	0.00
20.62	20.00	20.50	1023.80	0.00	0.00
20.56	19.94	20.44	1023.80	0.00	0.00
20.56	19.87	20.44	1022.60	0.00	0.00
20.56	19.87	20.37	1022.60	0.00	
20.50	19.81	20.37	1021.40	0.00	0.00
20.50	19.75	20.31	1023.70	0.00	0.00
20.44	19.69	20.31	1023.70	0.00	0.00
20.44	19.69	20.31	1023.70	0.00	0.00
20.44	19.62	20.25	1023.60	0.00	0.00
20.44	19.56	20.25	1023.60	0.00	0.00
20.44	19.56	20.19	1023.60	0.00–0	1.000
20.37	19.50	20.19	1023.60	0.00–0	
20.44	19.50	20.19	1022.50	0.00	0.00
20.37	19.50	20.19	1023.60	0.00	0.00
20.37	19.44	20.19	1023.60	0.00	0.00
20.31	19.37	20.12	1023.60	0.00	0.00
20.31	19.37	20.12	1023.60	0.00	0.00
20.31	19.37	20.12	1022.40	0.00	0.00
20.31	19.31	20.06	1023.60	0.00	0.00
20.31	19.31	20.06	1023.60	0.00	
20.31	19.25	20.06	1023.50	0.00	0.00
20.25	19.25	20.00	1023.50	0.00	0.00
20.25	19.19	20.00	1022.40	0.00	0.00
20.25	19.19	20.00	1023.50	0.00	0.00
20.25	19.19	19.94	1023.50	0.00	0.00
20.19	19.12	19.94	1022.30	0.˜0	0—00
20.19	19.12	19.94	1023.50	0.00	0.00
20.19	19.12	19.87	1022.30	0.00	
20.19	19.06	19.87	1024.60	0.00	0.00
20.19	19.00	19.87	1023.40	0.00	0.00
20.12	19.00	19.87	1023.40	0.00	0.00
20.12	19.00	19.87	1023.40	0.00	0.00
20.12	19.00	19.81	1023.40	0.00	0.00
20.12	18.94	19.87	1024.50	0.00	0.00
20.12	18.94	19.81	1022.30	0.00	˜—00
20.12	18.94	19.81	1024.50	0.00	
20.12	18.94	19.81	1022.20	0.00	0.00
20.12	18.87	19.75	1023.40	0.00	0.00
20.12	18.87	19.75	1023.30	0.00	0.00
20.06	18.81	19.75	1023.30	0.00	0.00
20.06	18.81	19.75	1023.30	0.00	0.00
20.06	18.75	19.69	1023.30	0.00	0.00
20.06	18.75	19.69	1022.20	˜.00,0–0.00,1.000	0.00,1.000
20.00	18.75	19.69	1022.20	˜.00,0–0.00,1.000	0.00,1.000
20.00	18.75	19.62	1024.40	0.00	0.00
20.00	18.69	19.62	1023.30	0.00	0.00
20.00	18.69	19.62	1023.30	0.00	0.00
20.00	18.69	19.62	1023.30	0.00	0.00
19.94	18.62	19.62	1023.20	0.00	0.00
19.94	18.62	19.56	1022.10	0.00	0.00
19.94	18.56	19.56	1022.10	0.00	0.00
19.94	18.56	19.56	1023.20	0.00	
19.94	18.56	19.56	1023.20	0.00	0.00
19.94	18.56	19.50	1023.20	0.00	0.00
19.94	18.56	19.56	1023.20	0.00	0.00
19.87	18.56	19.50	1023.20	0.00	0.00
19.87	18.56	19.56	1023.20	0.00	0.00
19.94	18.50	19.56	1024.30	0.00	0.00
19.87	18.50	19.50	1023.10	0.00	0.00
19.87	18.50	19.50	1023.10	0.00	
19.87	18.44	19.50	1022.00	0.00	0.00
19.87	18.44	19.50	1023.10	0.00	0.00
19.87	18.44	19.50	1023.10	0.00	0.00
19.87	18.44	19.44	1022.00	0.00	0.00
19.81	18.37	19.44	1023.10	0.00	0.00
19.81	18.37	19.44	1024.20	˜.00,0–0.00,1.000	0.00,1.000
19.81	18.37	19.44	1023.10	0.00	0.˜˜–˜.000
19.81	18.37	19.44	1023.10	0.00	
19.81	18.31	19.37	1023.10	0.00	0.00
19.81	18.31	19.37	1023.00	0.00	0.00
19.75	18.31	19.37	1023.00	0.00	0.00
19.75	18.31	19.37	1024.10	0.00	0.00
19.75	18.31	19.37	1023.00	0.00	0.00
19.75	18.25	19.37	1023.00	0.00	0.00
19.75	18.25	19.37	1023.00	0.00	0.00
19.75	18.25	19.31	1023.00	0.00	
19.75	18.25	19.31	1024.10	0.00	0.00
19.75	18.19	19.31	1023.00	0.00	0.00
19.75	18.19	19.31	1023.00	0.00	0.00
19.69	18.19	19.31	1023.00	0.00	0.00
19.69	18.19	19.31	1023.00	0.00	0.00
19.69	18.19	19.31	1025.20	0.00	0.00
19.69	18.19	19.31	1022.90	0.00	0.00
19.69	18.19	19.31	1022.90	0.00	
19.69	18.12	19.31	1024.00	0.00	0.00
19.69	18.12	19.25	1022.90	0.00	0.00
19.69	18.12	19.25	1022.90	0.00	0.00
19.69	18.12	19.25	1022.90	0.00	0.00
19.69	18.12	19.31	1022.90	0.00	0.00
19.69	18.12	19.25	1022.90	0.00	0.00
19.69	18.12	19.25	1022.90	0.00	0—00–1.˜00
19.69	18.12	19.25	1024.00	0.00	
19.69	18.12	19.25	1021.70	0.00	0.00
19.62	18.06	19.25	1022.80	0.00	0.00
19.62	18.06	19.25	1022.80	0.00	0.00
19.69	18.06	19.25	1024.00	0.00	0.00
19.62	18.06	19.25	1022.80	0.00	0.00
19.62	18.06	19.25	1021.70	0.00	0.00
19.62	18.00	19.19	1022.80	0.00	0.00
19.62	18.00	19.19	1021.70	0.00	
19.62	18.00	19.25	1024.00	0.00	0.00
19.62	18.00	19.19	1022.80	0.00	0.00
19.62	18.00	19.19	1022.80	0.00	0.00
19.62	18.00	19.19	1022.80	0.00	0.00
19.56	17.94	19.19	1022.70	0.00	0.00
19.56	17.94	19.19	1021.60	0.00	0.00
19.56	17.94	19.12	1021.60	0—00	0.00
19.56	17.94	19.12	1023.80	0—00	
19.56	17.94	19.12	1022.70	0.00	0.00
19.56	17.94	19.12	1022.70	0.00	0.00
19.56	17.94	19.12	1022.70	0.00	0.00
19.56	17.94	19.12	1023.80	0.00	0.00
19.56	17.87	19.12	1022.70	0.00	0.00
19.56	17.87	19.06	1022.70	0.00	0.00
19.50	17.87	19.06	1022.60	0.˜0	0.00
19.56	17.87	19.06	1024.90	0.˜0	
19.50	17.87	19.06	1021.50	0.00	0.00
19.50	17.81	19.06	1022.60	0.00	0.00
19.50	17.81	19.06	1022.60	0.00	0.00
19.50	17.81	19.00	1022.60	0.00	0.00
19.50	17.81	19.00	1022.60	0.00	0.00
19.44	17.81	19.00	1022.50	0.00	0.00
19.44	17.75	19.00	1023.70	0.00	0.00
19.44	17.75	18.94	1022.50	0.00	
19.44	17.69	18.94	1022.60	0.00	0.00
19.44	17.69	18.94	1023.70	0.00	0.00
19.44	17.69	18.94	1022.50	0.00	0.00
19.37	17.69	18.94	1023.70	0.00	0.00
19.37	17.62	18.94	1022.50	0.00	0.00
19.37	17.69	18.87	1023.70	0.00	0.00
19.37	17.69	18.87	1022.50	0.00	0.00
19.37	17.69	18.87	1022.50	0.00	
19.37	17.62	18.94	1022.50	0.00	0.00
19.37	17.69	18.94	1022.50	0.00	0.00
19.37	17.62	18.87	1023.60	0.00	0.00
19.31	17.69	18.87	1023.60	0.00	0.00
19.37	17.62	18.87	1023.60	0.00	0.00
19.31	17.62	18.87	1023.60	0.00	0.00
19.31	17.62	18.87	1021.30	0.00	0.00
19.31	17.62	18.87	1023.60	0.00	
19.31	17.56	18.87	1022.50	0.00	0.00
19.31	17.56	18.81	1022.50	0.00	0.00
19.31	17.62	18.81	1023.60	0.00	0.00
19.31	17.62	18.81	1022.50	0.00	0.00
19.31	17.62	18.81	1023.60	0.00	0.00
19.31	17.62	18.81	1022.50	0.00	0.00
19.31	17.62	18.81	1022.50	0—00–0	1.000
19.31	17.62	18.81	1023.50	0—00–0	
19.31	17.62	18.81	1023.60	0.00	0.00
19.31	17.62	18.81	1022.50	0.00	0.00
19.31	17.62	18.87	1023.50	0.00	0.00
19.31	17.62	18.81	1022.40	0.00	0.00
19.31	17.62	18.81	1023.50	0.00	0.00
19.31	17.62	18.81	1023.50	0.00	0.00
19.31	17.62	18.81	1022.40	0.00	0.00
19.31	17.56	18.81	1022.40	0.00	
19.31	17.56	18.87	1023.50	0.00	0.00
19.31	17.56	18.81	1022.40	0.00	0.00
19.31	17.56	18.81	1022.40	0.00	0.00
19.25	17.56	18.81	1022.40	0.00	0.00
19.25	17.56	18.81	1022.40	0.00	0.00
19.25	17.56	18.81	1023.50	0.00	0.00
19.25	17.56	18.81	1022.40	0.00	0.00
19.25	17.56	18.75	1022.40	0.00	
19.25	17.56	18.75	1022.30	0.00	0.00
19.25	17.50	18.75	1023.50	0.00	0.00
19.25	17.50	18.75	1023.50	0.00	0.00
19.25	17.50	18.75	1023.40	0.00	0.00
19.19	17.50	18.75	1023.40	0.00	0.00
19.19	17.50	18.75	1023.50	0.00	0.00
19.25	17.50	18.75	1022.30	0.00	0.00
19.19	17.50	18.75	1022.30	0.00	
19.19	17.50	18.75	1022.30	0.00	0.00
19.19	17.50	18.75	1023.40	0.00	0.00
19.25	17.50	18.75	1022.30	0.00	0.00
19.19	17.50	18.75	1023.40	0.00	0.00
19.25	17.56	18.75	1022.30	0.00	0.00
19.25	17.56	18.75	1022.30	0.00	0.00
19.19	17.50	18.75	1022.30	0.00	0.00–1.˜00†0.00
19.19	17.50	18.75	1022.30	0.00	
19.25	17.50	18.75	1022.30	0.00	0.00
19.19	17.56	18.81	1023.40	0.00	0.00
19.19	17.50	18.75	1023.40	0.00	0.00
19.19	17.50	18.75	1023.40	0.00	0.00
19.19	17.56	18.75	1022.30	0.00	0.00
19.19	17.50	18.75	1023.40	0.00	˜.00
19.19	17.50	18.75	1023.40	0.00	0.00
19.19	17.50	18.75	1023.40	0.00	
19.19	17.50	18.75	1022.30	0.00	0.00
19.19	17.50	18.75	1022.20	0.00	0.00
19.19	17.50	18.75	1023.30	0.00	0.00
19.19	17.50	18.69	1023.30	0.00	0.00
19.19	17.50	18.69	1022.20	0.00	0.00
19.12	17.50	18.75	1022.20	0.00	0.00
19.12	17.50	18.69	1023.30	0.00	0.00
19.19	17.50	18.69	1022.20	0.00	
19.12	17.50	18.69	1022.30	0.00	0.00
19.12	17.50	18.69	1022.20	0.00	0.00
19.12	17.50	18.69	1023.30	0.00	0.00
19.12	17.50	18.69	1023.30	0.00	0.00
19.19	17.50	18.69	1023.30	0.00	0.00
19.19	17.50	18.69	1023.30	0.00	0.00
19.19	17.50	18.69	1023.30	0.00	0.00
19.19	17.56	18.69	1023.30	0.00	
19.19	17.56	18.69	1022.20	0.00	0.00
19.19	17.56	18.69	1023.30	0.00	0.00
19.19	17.56	18.69	1023.30	0.00	0.00
19.19	17.56	18.69	1022.20	0.00	0.00
19.19	17.56	18.69	1023.30	0.00	0.00
19.19	17.56	18.69	1023.30	0.00	0.00
19.19	17.56	18.69	1023.30	0.00	0.00
19.12	17.56	18.69	1021.00	0.00	
19.19	17.56	18.69	1024.40	0.00	0.00
19.19	17.56	18.69	1022.20	0.00	0.00
19.19	17.50	18.69	1023.30	0.00	0.00
19.19	17.50	18.69	1022.20	0.00	0.00
19.19	17.56	18.69	1022.20	0.00	0.00
19.19	17.56	18.69	1023.30	0.00	0.00
19.19	17.56	18.69	1022.10	0.0˜	˜.000
19.19	17.56	18.69	1022.20	0.0˜	
19.19	17.56	18.69	1024.40	0.00	0.00
19.12	17.50	18.69	1023.30	0.00	0.00
19.12	17.50	18.62	1023.30	0.00	0.00
19.12	17.50	18.62	1023.30	0.00	0.00
19.12	17.50	18.62	1023.20	0.00	0.00
19.12	17.50	18.62	1023.20	0.00	0.00
19.12	17.56	18.62	1022.10	0.00	0.00
19.12	17.50	18.62	1022.10	0.00	
19.12	17.50	18.62	1022.10	0.00	0.00
19.12	17.56	18.62	1022.10	0.00	0.00
19.06	17.56	18.62	1023.20	0.00	0.00
19.06	17.56	18.62	1023.20	0.00	0.00
19.06	17.56	18.62	1022.10	0.00	0.00
19.06	17.56	18.62	1022.10	0.00	0.00
19.06	17.56	18.62	1024.40	0.00	0.00
19.06	17.56	18.69	1022.10	0.00	
19.06	17.62	18.62	1022.10	0.00	0.00
19.12	17.62	18.69	1022.10	0.00	0.00
19.06	17.62	18.69	1023.20	0.00	0.00
19.12	17.69	18.69	1023.20	0.00	0.00
19.12	17.69	18.69	1023.20	0.00	0.00
19.12	17.69	18.69	1022.10	0.00	0.00
19.12	17.69	18.75	1024.30	0.0˜	˜.000
19.12	17.75	18.75	1023.20	0.0˜	
19.12	17.69	18.75	1023.20	0.00	0.00
19.12	17.75	18.75	1023.20	0.00	0.00
19.12	17.75	18.69	1023.20	0.00	0.00
19.06	17.75	18.75	1023.20	0.00	0.00
19.06	17.75	18.75	1023.20	0.00	0.00
19.12	17.75	18.75	1022.00	0.00	0.00
19.06	17.75	18.75	1022.00	0.˜0	0—00
19.06	17.75	18.75	1022.00	0.˜0	
19.12	17.75	18.75	1023.20	0.00	0.00
19.12	17.75	18.75	1023.20	0.00	0.00
19.06	17.81	18.75	1022.10	0.00	0.00
19.12	17.81	18.75	1023.20	0.00	0.00
19.06	17.81	18.75	1022.10	0.00	0.00
19.06	17.81	18.75	1023.20	0.00	0.00
19.06	17.81	18.75	1024.20	0.˜0	0.00
19.06	17.81	18.75	-8198.90	0.˜0	
18.87	17.62	18.69	1055.60	0.00	0.00
17.87	16.44	17.94	1082.20	0.00	0.00
16.94	15.38	17.25	1084.30	0.00	0.00
16.25	14.69	16.75	1087.60	0.00	0.00
15.69	14.19	16.31	1087.50	0.00	0.00
15.25	13.88	16.06	1086.30	1.22	0.00
14.94	13.63	15.88	1087.40	5.23	0.00
14.75	13.50	15.69	1087.30	5.23	
14.56	13.38	15.56	1085.00	7.44	0.00
14.50	13.31	15.50	1088.40	6.89	0.00
14.38	13.25	15.44	1087.20	6.21	0.00
14.31	13.19	15.38	1085.00	6.32	0.00
14.31	13.19	15.31	1088.30	6.51	0.00
14.19	13.13	15.25	1087.10	6.47	0.00
14.19	13.13	15.19	1087.10	6.29	0.00
14.13	13.06	15.13	1086.00	6.29	
14.13	13.06	15.13	1087.10	5.93	0.00
14.00	13.00	15.06	1087.10	5.55	0.00
14.00	13.00	15.00	1087.10	5.20	0.00
14.00	13.00	15.00	1087.10	5.15	0.00
14.00	13.00	14.94	1087.10	5.26	0.00
13.94	13.00	14.94	1086.00	5.26	0.00
13.94	13.00	14.88	1089.40	5.23	0.00
13.88	13.00	14.88	1084.80	5.23	
13.88	13.00	14.88	1084.80	5.20	0.00
13.81	13.00	14.81	1086.00	4.99	0.00
13.81	13.00	14.81	1087.10	4.81	0.00
13.75	13.00	14.81	1089.30	4.73	0.00
13.75	13.00	14.75	1084.80	4.60	0.00
13.75	13.00	14.75	1086.00	4.54	0.00
13.69	12.94	14.69	1088.20	4.48	0.00
13.69	12.94	14.69	1088.20	4.48	
13.69	13.00	14.69	1084.80	4.25	0.00
13.69	12.94	14.69	1086.00	4.24	0.00
13.69	12.94	14.69	1087.10	4.35	0.00
13.63	12.94	14.56	1087.10	4.40	0.00
13.63	12.94	14.56	1087.00	4.46	0.00
13.63	12.94	14.50	1086.00	4.31	0.00
13.56	12.94	14.50	1086.00	4.20	0.00
13.56	12.88	14.44	1086.00	4.20	
13.50	12.88	14.38	1087.10	4.10	0.00
13.50	12.88	14.38	1086.00	4.01	0.00
13.50	12.88	14.38	1086.00	4.07	0.00
13.50	12.88	14.38	1086.00	3.99	0.00
13.50	12.88	14.31	1087.10	3.88	0.00
13.50	12.88	14.31	1084.90	3.77	0.00
13.50	12.88	14.31	1084.90	3.70	0.00
13.44	12.88	14.31	1084.90	3.70	
13.44	12.88	14.31	1087.10	3.68	0.00
13.44	12.88	14.31	1086.00	3.76	0.00
13.44	12.88	14.31	1084.90	3.79	0.00
13.44	12.88	14.31	1086.00	3.75	0.00
13.44	12.88	14.31	1087.10	3.71	0.00
13.44	12.88	14.31	1086.00	3.72	0.00
13.44	12.88	14.31	1084.90	3.74	0.00
13.44	12.88	14.31	1087.10	3.74	
13.38	12.88	14.31	1086.00	3.72	0.00
13.38	12.88	14.25	1086.00	3.69	0.00
13.38	12.88	14.25	1086.00	3.59	0.00
13.31	12.88	14.25	1086.00	3.59	0.00
13.31	12.88	14.19	1084.90	3.64	0.00
13.31	12.88	14.13	1088.30	3.65	0.00
13.31	12.88	14.13	1083.80	3.64	0.00
13.31	12.81	14.13	1086.00	3.64	
13.31	12.88	14.06	1083.90	3.58	0.00
13.31	12.88	14.06	1088.30	3.56	0.00
13.31	12.88	14.06	1083.80	3.56	0.00
13.31	12.88	14.06	1087.10	3.60	0.00
13.31	12.88	14.06	1084.90	3.66	0.00
13.31	12.88	14.06	1087.20	3.63	0.00
13.25	12.81	14.06	1084.90	3.70	0.00
13.25	12.81	14.06	1087.10	3.70	
13.25	12.81	14.06	1083.80	3.57	0.00
13.25	12.81	14.06	1086.00	3.46	0.00
13.31	12.81	14.06	1087.20	3.45	0.00
13.25	12.81	14.06	1083.80	3.32	0.00
13.25	12.81	14.00	1087.20	3.37	0.00
13.25	12.81	14.00	1084.90	3.37	0.00
13.25	12.81	14.00	1086.00	3.33	0.˜0
13.25	12.81	14.00	1088.30	3.33	
13.25	12.88	14.00	1083.80	3.28	0.00
13.25	12.81	13.94	1088.30	3.26	0.00
13.19	12.88	14.00	1084.90	3.27	0.00
13.19	12.88	13.94	1086.00	3.23	0.00
13.19	12.88	13.94	1086.00	3.24	0.00
13.19	12.81	13.94	1086.00	3.18	0.00
13.19	12.81	13.88	1084.90	3.10	0.00
13.19	12.81	13.88	1086.10	3.10	
13.19	12.81	13.88	1086.00	3.11	0.00
13.19	12.81	13.94	1086.00	3.11	0.00
13.13	12.81	13.94	1084.90	3.07	0.00
13.19	12.81	13.94	1086.10	3.09	0.00
13.19	12.81	13.94	1087.20	3.12	0.00
13.19	12.81	14.00	1086.00	3.14	0.00
13.19	12.88	13.94	1086.00	3.13	0.˜0
13.19	12.81	13.94	1086.10	3.13	
13.19	12.81	13.94	1085.00	3.11	0.00
13.19	12.81	13.94	1087.20	3.06	0.00
13.19	12.81	13.94	1087.20	3.02	0.00
13.19	12.81	13.94	1087.20	3.06	0.00
13.19	12.81	13.94	1086.00	3.08	0.00
13.19	12.81	14.00	1083.90	3.11	0.00
13.19	12.75	14.00	1083.80	3.16	0.00
13.13	12.81	13.94	1089.40	3.16	
13.19	12.81	13.94	1087.10	3.15	0.00
13.19	12.81	13.94	1086.00	3.13	0.00
13.19	12.81	13.94	1086.00	3.14	0.00
13.19	12.81	13.94	1086.00	3.09	0.00
13.19	12.81	13.94	1087.20	3.12	0.00
13.19	12.75	13.94	1086.10	3.10	0.00
13.19	12.81	13.94	1086.00	3.09	0.00
13.19	12.81	13.94	1083.80	3.09	
13.19	12.81	13.94	1088.30	3.17	0.00
13.19	12.81	13.94	1084.90	3.21	0.00
13.19	12.81	13.94	1086.00	3.25	0.00
13.19	12.81	13.94	1086.00	3.29	0.00
13.19	12.81	13.88	1088.30	3.26	0.00
13.19	12.75	13.88	1084.90	3.22	0.00
13.19	12.81	13.88	1084.90	3.20	0.00
13.19	12.81	13.88	1087.20	3.20	
13.19	12.81	13.88	1087.10	3.16	0.00
13.19	12.88	13.88	1083.80	3.11	0.00
13.19	12.88	13.88	1087.20	3.11	0.00
13.19	12.88	13.88	1086.00	3.15	0.00
13.19	12.81	13.81	1084.90	3.16	0.00
13.13	12.81	13.88	1088.20	3.15	0.00
13.13	12.81	13.88	1087.20	3—17	0.00
13.13	12.81	13.88	1083.80	3—17	
13.13	12.81	13.81	1087.20	3.14	0.00
13.13	12.81	13.81	1084.90	3.10	0.00
13.06	12.81	13.81	1086.00	3.16	0.00
13.13	12.81	13.81	1087.10	3.21	0.00
13.13	12.81	13.81	1086.00	3.25	0.00
13.06	12.81	13.81	1087.10	3.28	0.00
13.13	12.81	13.88	1087.10	3.24	0—00–1.˜00
13.06	12.81	13.81	1086.00	3.24	
13.13	12.81	13.88	1087.10	3.19	0.00
13.13	12.81	13.88	1086.00	3.19	0.00
13.13	12.81	13.88	1087.10	3.20	0.00
13.13	12.88	13.88	1082.70	3.24	0.00
13.13	12.81	13.88	1088.30	3.26	0.00
13.13	12.88	13.88	1087.20	3.32	0.00
13.13	12.88	13.88	1087.20	3.33	0.00
13.13	12.81	13.88	1086.00	3.33	
13.13	12.81	13.88	1084.90	3.28	0.00
13.13	12.81	13.88	1084.90	3.26	0.00
13.13	12.81	13.88	1087.10	3.17	0.00
13.13	12.81	13.88	1086.00	3.15	0.00
13.13	12.81	13.88	1086.00	3.20	0.00
13.06	12.81	13.88	1086.00	3.22	0.00
13.13	12.81	13.88	1086.00	3.26	0.00
13.13	12.81	13.88	1084.90	3.26	
13.13	12.81	13.81	1088.30	3.31	0.00
13.06	12.81	13.81	1084.90	3.29	0.00
13.06	12.81	13.81	1086.00	3.29	0.00
13.06	12.81	13.81	1087.10	3.24	0.00
13.06	12.81	13.75	1084.90	3.19	0.00
13.06	12.81	13.81	1087.10	3.16	0.00
13.06	12.75	13.75	1085.90	™.0œ,1–0.00,1.000	0.00,1.000
13.06	12.75	13.75	1084.90	™.0œ,1–0.00,1.000	0.00,1.000
13.06	12.75	13.75	1083.70	3.13	0.00
13.06	12.75	13.75	1087.10	3.14	0.00
13.06	12.75	13.75	1087.10	3.15	0.00
13.06	12.81	13.81	1084.90	3.12	0.00
13.06	12.81	13.75	1086.00	3.08	0.00
13.06	12.81	13.75	1086.00	3.06	0.00
13.06	12.81	13.75	1088.20	3.07	0.00
13.06	12.81	13.75	1083.70	3.07	
13.06	12.75	13.69	1088.20	3.15	0.00
13.06	12.81	13.75	1086.00	3.15	0.00
13.06	12.81	13.75	1084.90	3.16	0.00
13.06	12.81	13.75	1088.20	3.15	0.00
13.13	12.81	13.75	1084.90	3.20	0.00
13.13	12.81	13.75	1088.20	3.17	0.00
13.06	12.81	13.75	1087.10	3.13	˜.000
13.06	12.81	13.75	1086.00	3.13	
13.06	12.75	13.69	1084.90	3.12	0.00
13.06	12.75	13.69	1086.00	3.07	0.00
13.06	12.75	13.75	1084.80	3.06	0.00
13.06	12.81	13.75	1087.10	3.07	0.00
13.06	12.75	13.75	1084.80	3.07	0.00
13.06	12.81	13.75	1085.90	3.10	0.00
13.06	12.81	13.75	1085.90	3.13	0.00
13.06	12.81	13.75	1084.90	3.13	
13.06	12.81	13.81	1088.20	3.19	0.00
13.06	12.81	13.75	1083.70	3.18	0.00
13.06	12.81	13.75	1087.00	3.19	0.00
13.06	12.81	13.75	1085.90	3.20	0.00
13.06	12.81	13.75	1088.20	3.16	0.00
13.00	12.81	13.75	1084.80	3.16	0.00
13.00	12.81	13.69	1087.10	3.06	0.00
13.00	12.81	13.75	1083.70	3.06	
13.00	12.81	13.75	1088.10	3.07	0.00
13.00	12.75	13.69	1087.00	3.05	0.00
13.00	12.75	13.69	1084.80	3.02	0.00
13.00	12.75	13.69	1085.90	3.09	0.00
13.00	12.75	13.69	1087.00	3.06	0.00
12.94	12.75	13.69	1087.00	3.07	0.00
13.00	12.75	13.69	1088.20	3.10	0.00
13.00	12.75	13.69	1087.10	3.10	
13.00	12.81	13.69	1087.00	3.06	0.00
13.00	12.81	13.69	1084.80	3.04	0.00
13.00	12.81	13.69	1087.00	3.06	0.00
12.94	12.75	13.69	1085.90	3.06	0.00
12.94	12.75	13.63	1085.90	3.05	0.00
12.94	12.81	13.69	1087.00	3.04	0.00
12.94	12.75	13.69	1088.10	3.01	0.0˜
12.94	12.75	13.69	1082.60	3.01	
12.94	12.81	13.69	1088.10	2.98	0.00
12.94	12.75	13.63	1085.90	2.96	0.00
12.94	12.75	13.63	1087.00	2.99	0.00
12.94	12.75	13.63	1084.80	3.01	0.00
12.94	12.75	13.63	1085.90	3.03	0.00
12.94	12.81	13.63	1090.30	3.00	0.00
12.94	12.75	13.63	1085.90	2.98	0.00
12.94	12.75	13.63	1087.00	2.98	
12.94	12.75	13.63	1085.90	2.90	0.00
12.94	12.75	13.63	1084.80	2.88	0.00
12.94	12.75	13.63	1107.10	2.91	0.00
12.94	12.75	13.63	1126.00	2.89	0.00
12.94	12.75	13.56	1148.40	2.91	0.00
12.94	12.75	13.56	1170.60	2.94	0.00
12.94	12.75	13.63	1189.60	2.91	0.00
12.94	12.75	13.63	1213.10	2.91	
12.94	12.75	13.63	1230.90	3.00	0.00
12.94	12.75	13.63	1253.20	3.06	0.00
12.94	12.75	13.63	1276.60	3.11	0.00
12.94	12.75	13.56	1296.70	3.18	0.00
12.94	12.75	13.50	1315.70	3.17	0.00
12.94	12.75	13.50	1335.80	3.20	0.00
12.88	12.75	13.44	1356.90	™.24,1,0.00,1.000	0.00,1.000
12.88	12.75	13.44	1378.10	™.24,1,0.00,1.000	0.00,1.000
12.88	12.75	13.38	1394.80	3.29	0.00
12.88	12.75	13.44	1412.70	3.34	0.00
12.88	12.75	13.38	1431.60	3.38	0.00
12.81	12.75	13.38	1450.60	3.35	0.00
12.81	12.69	13.31	1468.50	3.34	0.00
12.75	12.63	13.25	1488.50	3.34	0.00
12.75	12.56	13.25	1506.40	3.34	˜.0˜
12.69	12.56	13.19	1520.80	3.34	
12.69	12.50	13.19	1536.50	3.35	0.00
12.69	12.50	13.19	1556.50	3.33	0.00
12.63	12.44	13.13	1573.20	3.26	0.00
12.63	12.44	13.13	1589.90	3.19	0.00
12.63	12.44	13.13	1605.50	3.16	0.00
12.56	12.44	13.13	1620.00	3.16	0.00
12.56	12.38	13.06	1635.60	3.22–1	1.000
12.50	12.38	13.06	1651.20	3.22–1	
12.50	12.31	13.06	1666.70	3.34	0.00
12.50	12.31	13.06	1678.60	3.41	0.00
12.44	12.31	13.00	1692.80	3.44	0.00
12.44	12.31	12.94	1708.00	3.45	0.00
12.38	12.25	12.94	1722.20	3.36	0.00
12.38	12.25	12.88	1737.50	3.29	0.00
12.38	12.25	12.88	1751.50	3.24	0.00
12.31	12.19	12.81	1762.30	3.24	
12.31	12.19	12.81	1774.20	3.16	0.00
12.31	12.19	12.81	1786.20	3.11	0.00
12.25	12.13	12.75	1798.20	2.97	0.00
12.25	12.13	12.69	1810.20	2.84	0.00
12.19	12.06	12.63	1821.00	2.73	0.00
12.13	12.06	12.63	1837.30	2.60	0.00
12.06	12.00	12.50	1860.40	2.55	˜.000
12.06	12.00	12.50	1880.20	2.55	
12.06	11.94	12.44	1897.70	2.51	0.00
12.00	11.94	12.44	1919.60	2.44	0.00
12.00	11.94	12.44	1939.30	2.37	0.00
11.94	11.88	12.38	1959.00	2.30	0.00
11.94	11.88	12.31	1979.80	2.21	0.00
11.88	11.88	12.25	1999.70	2.16	0.00
11.88	11.88	12.13	2018.40	™.12,1,0.00,1.000	0.00,1.000
11.81	11.81	12.06	2036.90	™.12,1,0.00,1.000	0.00,1.000
11.81	11.81	12.00	2055.60	2.08	0.00
11.81	11.75	12.00	2073.10	2.08	0.00
11.75	11.75	11.94	2088.40	2.02	0.00
11.75	11.75	11.94	2107.00	2.01	0.00
11.69	11.75	11.88	2124.50	1.98	0.00
11.69	11.69	11.81	2143.20	1.99	0.00
11.63	11.69	11.75	2159.60	2.03	0.00
11.63	11.69	11.75	2173.90	2.03	
11.63	11.69	11.69	2191.40	1.99	0.00
11.56	11.63	11.69	2208.90	1.97	0.00
11.56	11.63	11.69	2224.10	1.87	0.00
11.50	11.63	11.63	2238.30	1.84	0.00
11.56	11.63	11.63	2253.60	1.82	0.00
11.50	11.63	11.56	2266.50	1.83	0.00
11.50	11.56	11.56	2286.20	1.87	0.00
11.44	11.56	11.56	2297.30	1.87	
11.50	11.56	11.56	2309.20	1.85	0.00
11.44	11.56	11.50	2323.30	1.84	0.00
11.44	11.56	11.50	2339.70	1.82	0.00
11.44	11.56	11.50	2357.20	1.81	0.00
11.44	11.56	11.50	2382.40	1.78	0.00
11.44	11.50	11.44	2408.80	1.75	0.00
11.44	11.56	11.44	2435.10	1.72	0.00
11.38	11.50	11.44	2462.70	1.72	
11.38	11.50	11.44	2489.00	1.70	0.00
11.38	11.50	11.44	2512.10	1.73	0.00
11.38	11.50	11.38	2536.20	1.77	0.00
11.31	11.50	11.38	2559.30	1.76	0.00
11.31	11.44	11.38	2570.30	1.71	0.00
11.31	11.44	11.31	2576.70	1.63	0.00
11.25	11.44	11.31	2586.60	1.5›	0.˜0
11.25	11.38	11.25	2594.30	1.5›	
11.19	11.38	11.25	2604.10	1.55	0.00
11.19	11.38	11.25	2624.90	1.49	0.00
11.19	11.31	11.19	2641.30	1.38	0.00
11.13	11.25	11.13	2662.10	1.20	0.00
11.00	11.19	11.06	2682.90	0.99	0.00
11.00	11.13	11.00	2702.50	0.81	0.00
10.88	11.06	10.94	2715.40	0.74	0.00
10.88	11.00	10.88	2737.40	0.74	
10.81	11.00	10.88	2755.90	0.70	0.00
10.81	11.00	10.81	2773.40	0.67	0.00
10.75	10.94	10.81	2790.80	0.66	0.00
10.75	10.88	10.75	2808.30	0.57	0.00
10.69	10.88	10.69	2825.80	0.49	0.00
10.63	10.81	10.63	2840.90	0.42	0.00
10.63	10.75	10.63	2857.30	0.37	0.00
10.56	10.75	10.56	2872.50	0.37	
10.50	10.75	10.56	2890.00	0.30	0.00
10.50	10.69	10.50	2904.20	0.24	0.00
10.44	10.63	10.44	2919.30	0.16	0.00
10.38	10.56	10.38	2935.60	0.03	0.00
10.38	10.44	10.25	2950.80	0.00	0.00
10.19	10.25	10.13	2963.60	0.00	0.00
10.00	10.06	9.88	2975.20	0.00	1.000
9.81	9.88	9.69	2994.70	0.00	
9.63	9.69	9.50	3005.20	0.00	0.00
9.50	9.56	9.38	3019.00	0.00	0.00
9.31	9.38	9.19	3031.80	0.00	0.00
9.19	9.19	9.06	3056.60	0.00	0.00
9.00	9.06	8.88	3081.40	0.00	0.00
8.81	8.88	8.75	3106.20	0.00	0.00
8.38	8.50	8.38	3153.50	0.00	0.00
8.25	8.38	8.25	3175.90	0.00	
8.13	8.25	8.06	3198.80	0.00	0.00
8.00	8.13	8.00	3222.40	0.00	0.00
7.94	8.06	7.94	3245.20	0.00	0.00
7.81	8.00	7.81	3265.80	0.00	0.00
7.75	7.94	7.75	3284.90	0.00	0.00
7.63	7.75	7.63	3305.40	0.00	0.00
7.44	7.63	7.50	3326.60	0.00	0.00
7.31	7.44	7.31	3350.00	0.00	
7.19	7.31	7.13	3369.00	0.00	0.00
7.06	7.25	7.00	3389.50	0.00	0.00
6.94	7.13	6.94	3410.90	0.00	0.00
6.88	7.13	6.88	3427.90	0.00	0.00
6.81	7.06	6.81	3444.90	0.00	0.00
6.75	7.00	6.75	3464.10	˜.00,0,˜—˜0,1.000	˜—˜0,1.000
6.75	7.00	6.69	3484.40	0.00	0.00
6.69	7.00	6.69	3502.90	0.00	
6.69	6.94	6.69	3519.00	0.00	0.00
6.69	6.94	6.69	3537.20	0.00	0.00
6.63	6.94	6.63	3554.40	0.00	0.00
6.63	6.88	6.63	3569.40	0.00	0.00
6.56	6.88	6.63	3584.40	0.00	0.00
6.56	6.88	6.63	3599.50	0.00	0.00
6.56	6.88	6.56	3616.60	0.00	0.00
6.56	6.88	6.56	3633.90	0.00	
6.56	6.88	6.56	3647.10	0.00	0.00
6.56	6.81	6.50	3663.20	0.00	0.00
6.50	6.81	6.56	3679.30	0.00	0.00
6.50	6.81	6.50	3692.20	0.00	0.00
6.50	6.81	6.50	3704.00	0.00	0.00
6.50	6.81	6.56	3715.60	0.00	0.00
6.50	6.81	6.50	3731.10	0.00	0.00
6.50	6.81	6.50	3747.20	0.00	
6.50	6.81	6.50	3756.50	0.00	0.00
6.50	6.81	6.50	3767.60	0.00	0.00
6.50	6.81	6.50	3783.90	0.00	0.00
6.44	6.81	6.50	3813.40	0.00	0.00
6.44	6.75	6.50	3840.60	0.00	0.00
6.50	6.75	6.44	3847.10	0.00	0.00
6.44	6.75	6.44	3845.90	0.00	0.00
6.44	6.81	6.44	3846.80	0.00	
6.44	6.75	6.44	3847.90	0.00	0.00
6.50	6.81	6.44	3847.10	0.00	0.00
6.44	6.81	6.50	3846.00	0.00	0.00
6.44	6.81	6.50	3848.30	0.00	0.00
6.44	6.81	6.50	3848.40	0.00	0.00
6.44	6.81	6.44	3847.60	0.00	0.00
6.44	6.81	6.50	3846.40	0.00	0—00–1.000
6.44	6.81	6.50	3847.70	0.00	
6.44	6.81	6.50	3848.60	0.00	0.00
6.44	6.81	6.50	3848.70	0.00	0.00
6.44	6.81	6.50	3847.30	0.00	0.00
6.50	6.81	6.50	3847.80	0.00	0.00
6.44	6.81	6.50	3849.70	0.00	0.00
6.44	6.81	6.50	3849.50	0.00	0.00
6.44	6.81	6.50	3847.30	0.00	0.00
6.50	6.81	6.50	3847.30	0.00	
6.50	6.81	6.44	3848.10	0.00	0.00
6.50	6.81	6.50	3850.10	0.00	0.00
6.50	6.81	6.50	3849.10	0.00	0.00
6.44	6.81	6.50	3848.00	0.00	0.00
6.44	6.81	6.50	3849.10	0.00	0.00
6.44	6.81	6.50	3849.10	0.00	0.00
6.44	6.81	6.44	3848.10	0.00	0.00
6.44	6.81	6.44	3848.00	0.00	
6.44	6.81	6.50	3851.10	0.00	0.00
6.44	6.81	6.50	3850.70	0.00	0.00
6.44	6.81	6.50	3850.50	0.00	0.00
6.44	6.81	6.50	3849.30	0.00	0.00
6.50	6.81	6.50	3850.40	0.00	0.00
6.50	6.81	6.50	3850.40	0.00–˜	1.000
6.44	6.81	6.50	3848.70	0.00	0.00
6.44	6.81	6.50	3849.80	0.00	
6.44	6.81	6.50	3850.80	0.00	0.00
6.44	6.81	6.50	3849.40	0.00	0.00
6.44	6.81	6.50	3849.60	0.00	0.00
6.50	6.81	6.50	3849.80	0.00	0.00
6.50	6.81	6.50	3848.60	0.00	0.00
6.44	6.81	6.50	3850.10	0.00	0.00
6.44	6.81	6.44	3850.10	0.00–˜–0.00	
6.50	6.81	6.50	3848.90	0.00	0.00
6.50	6.81	6.50	3849.80	0.00	0.00
6.50	6.81	6.50	3850.50	0.00	0.00
6.50	6.81	6.50	3848.90	0.00	0.00
6.44	6.81	6.50	3850.80	0.00	0.00
6.50	6.81	6.50	3850.60	0.00	0.00
6.50	6.81	6.50	3851.90	0.00	0.00
6.50	6.81	6.50	3849.90	0.00	0.00
6.50	6.81	6.50	3851.10	0.00	
6.50	6.81	6.50	3851.00	0.00	0.00
6.50	6.81	6.50	3850.10	0.00	0.00
6.50	6.81	6.50	3848.90	0.00	0.00
6.50	6.81	6.50	3849.60	0.00	0.00
6.50	6.81	6.50	3851.50	0.00	0.00
6.50	6.81	6.50	3851.00	0.00	0.00
6.50	6.81	6.50	3852.90	0.00	0.00
6.50	6.81	6.50	3848.80	0.00	
6.44	6.81	6.50	3849.60	0.00	0.00
6.50	6.81	6.50	3850.50	0.00	0.00
6.50	6.81	6.50	3850.20	0.00	0.00
6.50	6.81	6.50	3850.20	0.00	0.00
6.50	6.81	6.44	3851.30	0.00	0.00
6.50	6.81	6.50	3851.40	0.00	0.00
6.50	6.81	6.50	3851.20	0.00	0.00
6.50	6.81	6.50	3848.70	0.00	
6.50	6.81	6.50	3851.70	0.00	0.00
6.50	6.81	6.50	3850.80	0.00	0.00
6.50	6.81	6.50	3850.60	0.00	0.00
6.50	6.81	6.50	3850.60	0.00	0.00
6.50	6.81	6.50	3850.50	0.00	0.00
6.50	6.75	6.50	3850.40	0.00	0.00
6.50	6.81	6.50	3850.50	0—00	0.00
6.50	6.81	6.50	3851.50	0—00	
6.50	6.81	6.50	3848.00	0.00	0.00
6.50	6.81	6.50	3851.20	0.00	0.00
6.50	6.81	6.50	3853.20	0.00	0.00
6.50	6.81	6.50	3851.20	0.00	0.00
6.50	6.81	6.50	3851.20	0.00	0.00
6.50	6.81	6.50	3852.30	0.00	0.00
6.50	6.81	6.50	3851.20	0.00	0.00
6.50	6.81	6.50	3850.10	0.00	
6.50	6.81	6.56	3851.30	0.00	0.00
6.50	6.81	6.50	3852.20	0.00	0.00
6.50	6.81	6.56	3850.80	0.00	0.00
6.50	6.81	6.56	3850.70	0.00	0.00
6.50	6.81	6.56	3850.80	0.00	0.00
6.50	6.81	6.56	3850.40	0.00	0.00
6.50	6.81	6.56	3852.90	0—00–0	1.000
6.50	6.81	6.56	3849.40	0—00–0	
6.50	6.81	6.56	3850.80	0.00	0.00
6.50	6.81	6.56	3851.90	0.00	0.00
6.56	6.81	6.56	3852.90	0.00	0.00
6.56	6.81	6.56	3851.50	0.00	0.00
6.50	6.81	6.56	3850.00	0.00	0.00
6.50	6.81	6.56	3849.00	0.00	0.00
6.50	6.81	6.56	3850.80	0.00	0.00
6.56	6.81	6.56	3851.10	0.00	
6.56	6.81	6.56	3851.00	0.00	0.00
6.56	6.81	6.56	3851.00	0.00	0.00
6.56	6.81	6.56	3851.10	0.00	0.00
6.50	6.81	6.56	3851.20	0.00	0.00
6.56	6.81	6.56	3851.10	0.00	0.00
6.56	6.81	6.56	3851.20	0.00	0.00
6.56	6.81	6.56	3852.30	0.00	0.00
6.50	6.81	6.56	3851.40	0.00	
6.56	6.81	6.56	3851.60	0.00	0.00
6.56	6.81	6.56	3850.30	0.00	0.00
6.56	6.81	6.56	3850.10	0.00	0.00
6.56	6.81	6.56	3852.30	0.00	0.00
6.56	6.81	6.56	3853.30	0.00	0.00
6.56	6.81	6.56	3851.70	0.00	0.00
6.50	6.81	6.56	3852.90	0.00	0.00
6.50	6.81	6.56	3849.60	0.00	
6.56	6.81	6.63	3851.30	0.00	0.00
6.50	6.81	6.56	3852.00	0.00	0.00
6.56	6.81	6.56	3852.80	0.00	0.00
6.56	6.81	6.63	3852.80	0.00	0.00
6.56	6.81	6.56	3850.70	0.00	0.00
6.50	6.75	6.56	3852.90	0.00	0.00
6.50	6.81	6.56	3851.80	0.00	
6.56	6.75	6.56	3851.70	0.00	0.00
6.50	6.81	6.63	3851.80	0.00	0.00
6.56	6.81	6.56	3850.70	0.00	0.00
6.56	6.75	6.56	3850.60	0.00	0.00
6.56	6.81	6.63	3851.60	0.00	0.00
6.56	6.81	6.63	3851.30	0.00	0.00
6.56	6.75	6.56	3849.90	0.00	0.00
6.56	6.75	6.56	3852.30	0.00	
6.56	6.75	6.63	3852.40	0.00	0.00
6.56	6.75	6.56	3851.20	0.00	0.00
6.56	6.81	6.56	3850.20	0.00	0.00
6.56	6.81	6.63	3851.70	0.00	0.00
6.56	6.81	6.63	3852.70	0.00	0.00
6.56	6.75	6.63	3850.50	0.00	0.00
6.56	6.75	6.63	3850.30	0.00	0.00
6.56	6.81	6.63	3852.40	0.00	
6.56	6.81	6.63	3851.80	0.00	0.00
6.56	6.81	6.63	3851.40	0.00	0.00
6.56	6.75	6.63	3851.20	0.00	0.00
6.56	6.75	6.63	3852.40	0.00	0.00
6.56	6.81	6.63	3851.40	0.00	0.00
6.56	6.81	6.69	3849.90	0.00	0.00
6.56	6.81	6.63	3853.50	0.00	0.00
6.56	6.75	6.63	3853.60	0.00	
6.56	6.75	6.63	3854.00	0.00	0.00
6.56	6.75	6.63	3851.60	0.00	0.00
6.56	6.75	6.63	3851.70	0.00	0.00
6.56	6.75	6.63	3851.70	0.00	0.00
6.63	6.75	6.63	3851.60	0.00	0.00
6.56	6.75	6.63	3850.20	0.00	0.00
6.56	6.75	6.63	3850.60	0.00	0.00
6.56	6.75	6.63	3850.80	0.00	
6.63	6.81	6.63	3853.50	0.00	0.00
6.63	6.75	6.69	3852.70	0.00	0.00
6.56	6.75	6.69	3851.60	0.00	0.00
6.56	6.75	6.69	3851.50	0.00	0.00
6.56	6.75	6.63	3851.50	0.00	0.00
6.56	6.75	6.63	3851.50	0.00	0.00
6.56	6.75	6.63	3853.60	0.00	0—00–1.˜00
6.56	6.75	6.63	3851.30	0.00	
6.56	6.75	6.69	3850.60	0.00	0.00
6.56	6.81	6.69	3851.90	0.00	0.00
6.63	6.81	6.69	3851.60	0.00	0.00
6.63	6.75	6.69	3851.50	0.00	0.00
6.63	6.75	6.69	3851.50	0.00	0.00
6.63	6.75	6.69	3852.40	0.00	0.00
6.63	6.75	6.69	3851.60	0.00	0.00
6.63	6.81	6.69	3852.90	0.00	
6.63	6.75	6.69	3852.80	0.00	0.00
6.63	6.75	6.69	3850.50	0.00	0.00
6.63	6.75	6.69	3849.30	0.00	0.00
6.63	6.75	6.69	3851.30	0.00	0.00
6.63	6.75	6.69	3853.60	0.00	0.00
6.63	6.75	6.69	3853.50	0.00	0.00
6.63	6.75	6.69	3852.30	0.00	0—00–1.000
6.63	6.75	6.69	3849.70	0.00	
6.63	6.75	6.69	3851.20	0.00	0.00
6.63	6.75	6.69	3853.50	0.00	0.00
6.63	6.75	6.69	3853.20	0.00	0.00
6.63	6.81	6.69	3851.80	0.00	0.00
6.63	6.75	6.69	3851.80	0.00	0.00
6.63	6.75	6.69	3852.00	0.00	0.00
6.63	6.75	6.69	3851.60	0.˜0	0.00
6.63	6.75	6.69	3850.50	0.˜0	
6.63	6.75	6.69	3851.60	0.00	0.00
6.63	6.75	6.69	3853.70	0.00	0.00
6.63	6.75	6.69	3853.40	0.00	0.00
6.63	6.75	6.69	3851.50	0.00	0.00
6.63	6.75	6.69	3850.50	0.00	0.00
6.63	6.75	6.69	3852.60	0.00	0.00
6.63	6.75	6.75	3852.20	0.00	0.00–1.˜00
6.63	6.75	6.69	3851.10	0.00	
6.63	6.75	6.69	3851.10	0.00	0.00
6.63	6.75	6.69	3851.40	0.00	0.00
6.63	6.75	6.69	3852.30	0.00	0.00
6.63	6.75	6.75	3853.30	0.00	0.00
6.63	6.75	6.69	3852.20	0.00	0.00
6.63	6.75	6.69	3851.20	0.00	0.00
6.63	6.75	6.69	3852.00	0.00	0.0˜
6.63	6.75	6.69	3853.40	0.00	
6.63	6.75	6.69	3853.30	0.00	0.00
6.63	6.75	6.69	3853.30	0.00	0.00
6.63	6.75	6.69	3851.90	0.00	0.00
6.63	6.75	6.69	3851.90	0.00	0.00
6.63	6.75	6.69	3852.20	0.00	0.00
6.63	6.75	6.69	3854.60	0.00	0.00
6.63	6.75	6.69	3853.40	0.00	0.00
6.63	6.75	6.69	3852.00	0.00	
6.63	6.75	6.69	3854.00	0.00	0.00
6.63	6.75	6.69	3854.10	0.00	0.00
6.63	6.75	6.69	3851.80	0.00	0.00
6.63	6.75	6.69	3851.70	0.00	0.00
6.63	6.69	6.69	3851.80	0.00	0.00
6.63	6.75	6.69	3850.00	0.00	0.00
6.63	6.75	6.69	3851.80	0.00	0.00
6.63	6.75	6.69	3854.00	0.00	
6.63	6.75	6.69	3850.80	0.00	0.00
6.63	6.75	6.69	3851.20	0.00	0.00
6.63	6.75	6.75	3851.10	0.00	0.00
6.63	6.75	6.75	3853.10	0.00	0.00
6.63	6.75	6.75	3853.00	0.00	0.00
6.63	6.75	6.75	3852.60	0.00	0.00
6.63	6.75	6.75	3851.70	0.00	0.°0
6.63	6.75	6.75	3853.10	0.00	
6.63	6.75	6.75	3855.50	0.00	0.00
6.63	6.75	6.69	3851.80	0.00	0.00
6.63	6.75	6.69	3850.70	0.00	0.00
6.63	6.75	6.69	3853.00	0.00	0.00
6.63	6.75	6.75	3854.10	0.00	0.00
6.63	6.75	6.69	3852.60	0.00	0.00
6.63	6.69	6.69	3853.40	0.00	0.00
6.63	6.75	6.69	3853.70	0.00	
6.63	6.75	6.69	3851.40	0.00	0.00
6.63	6.75	6.75	3851.90	0.00	0.00
6.63	6.75	6.69	3850.90	0.00	0.00
6.63	6.75	6.69	3852.10	0.00	0.00
6.63	6.75	6.69	3853.20	0.00	0.00
6.63	6.75	6.69	3853.20	˜.0˜,0,0.00,1.000	0.00,1.000
6.63	6.75	6.69	3853.30	0—00	0.00
6.63	6.69	6.69	3851.80	0—00	
6.63	6.75	6.69	3850.70	0.00	0.00
6.63	6.75	6.69	3852.80	0.00	0.00
6.63	6.75	6.69	3852.90	0.00	0.00
6.63	6.69	6.69	3852.90	0.00	0.00
6.63	6.75	6.69	3852.90	0.00	0.00
6.63	6.75	6.69	3852.90	0.00	0.00
6.63	6.75	6.69	3854.40	0.˜0	0.00
6.63	6.69	6.69	3851.70	0.˜0	
6.63	6.75	6.75	3851.90	0.00	0.00
6.63	6.75	6.69	3852.10	0.00	0.00
6.63	6.75	6.75	3853.20	0.00	0.00
6.63	6.75	6.69	3854.10	0.00	0.00
6.63	6.75	6.69	3852.10	0.00	0.00
6.69	6.69	6.69	3852.10	0.00	0.00
6.69	6.75	6.69	3851.90	0.00	1.000
6.63	6.75	6.69	3853.30	0.00	
6.63	6.75	6.75	3851.00	0.00	0.00
6.69	6.69	6.75	3853.00	0.00	0.00
6.69	6.75	6.69	3854.10	0.00	0.00
6.69	6.75	6.69	3854.00	0.00	0.00
6.69	6.69	6.69	3852.60	0.00	0.00
6.69	6.75	6.69	3852.60	0.00	0.00
6.69	6.69	6.69	3852.80	0.00	0.00
6.63	6.75	6.75	3853.50	0.00	
6.63	6.75	6.75	3853.60	0.00	0.00
6.63	6.75	6.75	3853.90	0.00	0.00
6.63	6.69	6.69	3852.60	0.00	0.00
6.63	6.75	6.69	3852.60	0.00	0.00
6.63	6.69	6.69	3852.60	0.00	0.00
6.63	6.69	6.75	3852.90	0.00	0.00
6.63	6.75	6.69	3852.40	0.00	0.00
6.63	6.75	6.69	3852.60	0.00	
6.63	6.75	6.69	3852.80	0.00	0.00
6.63	6.75	6.69	3853.90	0.00	0.00
6.63	6.75	6.75	3854.00	0.00	0.00
6.69	6.75	6.75	3852.90	0.00	0.00
6.63	6.75	6.75	3852.90	0.00	0.00
6.69	6.69	6.75	3851.70	0.00	0.00
6.69	6.75	6.75	3852.50	0.00	˜.0˜
6.69	6.75	6.75	3852.20	0.00	
6.63	6.75	6.75	3854.30	0.00	0.00
6.63	6.75	6.75	3853.50	0.00	0.00
6.69	6.75	6.75	3853.50	0.00	0.00
6.69	6.75	6.75	3851.30	0.00	0.00
6.69	6.75	6.69	3851.40	0.00	0.00
6.69	6.75	6.75	3852.50	0.00	0.00
6.69	6.69	6.69	3856.00	0.00	1.000
6.69	6.75	6.75	3852.80	0.00	
6.63	6.69	6.69	3852.90	0.00	0.00
6.63	6.75	6.75	3850.70	0.00	0.00
6.63	6.69	6.75	3828.60	0.00	0.00
6.63	6.75	6.75	3803.90	0.00	0.00
6.63	6.69	6.69	3777.30	0.00	0.00
6.63	6.75	6.69	3754.30	0.00	0.00
6.63	6.75	6.69	3729.30	0.00–0	1.000
6.63	6.75	6.69	3704.40	0.00–0	
6.63	6.75	6.69	3677.10	0.00	0.00
6.63	6.75	6.69	3653.10	0.00	0.00
6.63	6.75	6.69	3629.40	0.00	0.00
6.63	6.75	6.75	3607.80	0.00	0.00
6.69	6.75	6.75	3590.60	0.00	0.00
6.69	6.75	6.75	3588.80	0.00	0.00
6.63	6.81	6.81	3590.50	0.00	0.00
6.69	6.81	6.81	3589.10	0.00	
6.69	6.75	6.81	3589.90	0.00	0.00
6.69	6.81	6.81	3588.60	0.00	0.00
6.69	6.75	6.81	3589.50	0.00	0.00
6.69	6.75	6.81	3590.40	0.00	0.00
6.69	6.75	6.75	3590.30	0.00	0.00
6.69	6.75	6.75	3589.10	0.00	0.00
6.63	6.69	6.75	3592.30	0.00	0.00
6.69	6.69	6.75	3592.10	0.00	
6.69	6.69	6.75	3592.00	0.00	0.00
6.69	6.69	6.75	3588.70	0.00	0.00
6.69	6.69	6.75	3588.70	0.00	0.00
6.69	6.69	6.75	3591.00	0.00	0.00
6.69	6.69	6.75	3592.20	0.00	0.00
6.69	6.69	6.75	3591.10	0.0˜	1.000
6.69	6.69	6.75	3589.10	0.00	0.˜˜
6.69	6.69	6.75	3587.10	0.00	
6.69	6.69	6.75	3591.60	0.00	0.00
6.69	6.69	6.75	3591.50	0.00	0.00
6.69	6.69	6.75	3589.10	0.00	0.00
6.69	6.69	6.75	3590.10	0.00	0.00
6.69	6.69	6.75	3591.40	0.00	0.00
6.69	6.69	6.81	3592.60	0.00	0.00
6.75	6.69	6.81	3590.40	˜.00,0,0.00,1.000	0.00,1.000
6.69	6.75	6.81	3575.00	˜.00,0,0.00,1.000	0.00,1.000
6.75	6.69	6.75	3552.70	0.00	0.00
6.75	6.69	6.75	3529.70	0.00	0.00
6.69	6.69	6.75	3505.90	0.00	0.00
6.69	6.69	6.75	3478.70	0.00	0.00
6.69	6.75	6.75	3451.50	0.00	0.00
6.69	6.75	6.75	3425.40	0.00	0.00
6.69	6.75	6.75	3407.10	0.00–0	1.000
6.69	6.75	6.75	3405.10	0.00–0	
6.75	6.75	6.81	3405.30	0.00	0.00
6.75	6.75	6.75	3407.50	0.00	0.00
6.75	6.75	6.75	3406.40	0.00	0.00
6.75	6.75	6.81	3388.70	0.00	0.00
6.75	6.75	6.81	3390.20	0.00	0.00
6.69	6.69	6.81	3395.60	0.00	0.00
6.69	6.69	6.75	3394.60	0.00	0—00
6.69	6.75	6.75	3391.30	0.00	
6.69	6.69	6.75	3390.20	0.00	0.00
6.69	6.69	6.75	3392.30	0.00	0.00
6.69	6.69	6.75	3394.20	0.00	0.00
6.69	6.69	6.75	3394.40	0.00	0.00
6.69	6.69	6.75	3392.10	0.00	0.00
6.69	6.69	6.75	3393.00	0.00	0.00
6.69	6.69	6.75	3393.10	0.00	0.00
6.69	6.69	6.75	3394.20	0.00	
6.69	6.69	6.75	3393.30	0.00	0.00
6.69	6.69	6.75	3391.90	0.00	0.00
6.69	6.69	6.75	3394.40	0.00	0.00
6.69	6.75	6.75	3394.60	0.00	0.00
6.69	6.69	6.75	3392.50	0.00	0.00
6.69	6.69	6.81	3391.40	0.00	0.00
6.69	6.69	6.81	3392.70	˜.00,0,0.00,1.000	0.00,1.000
6.69	6.69	6.81	3395.90	˜.00,0,0.00,1.000	0.00,1.000
6.69	6.69	6.81	3394.70	0.00	0.00
6.69	6.69	6.81	3393.60	0.00	0.00
6.69	6.69	6.81	3392.40	0.00	0.00
6.69	6.69	6.81	3393.50	0.00	0.00
6.69	6.69	6.81	3395.70	0.00	0.00
6.69	6.69	6.81	3395.70	0.00	0.00
6.69	6.69	6.75	3394.50	0.00	0.00
6.69	6.69	6.81	3392.30	0.00	
6.69	6.69	6.75	3393.40	0.00	0.00
6.69	6.69	6.75	3393.60	0.00	0.00
6.69	6.69	6.75	3393.70	0.00	0.00
6.69	6.69	6.75	3393.80	0.00	0.00
6.69	6.69	6.75	3393.80	0.00	0.00
6.69	6.69	6.75	3393.80	0.00	0.00
6.69	6.69	6.75	3390.90	0.00	˜.000
6.75	6.69	6.81	3364.40	0.00	
6.75	6.69	6.81	3343.10	0.00	0.00
6.69	6.69	6.75	3317.90	0.00	0.00
6.69	6.69	6.75	3292.70	0.00	0.00
6.69	6.75	6.75	3270.00	0.00	0.00
6.69	6.69	6.75	3247.20	0.00	0.00
6.69	6.75	6.81	3224.70	0.00	0.00
6.69	6.75	6.81	3209.60	0.00	0.00
6.75	6.75	6.81	3205.70	0.00	
6.75	6.69	6.81	3206.70	0.00	0.00
6.75	6.75	6.81	3207.60	0.00	0.00
6.75	6.75	6.88	3207.40	0.00	0.00
6.69	6.75	6.81	3206.20	0.00	0.00
6.69	6.75	6.81	3205.10	0.00	0.00
6.69	6.75	6.81	3205.00	0.00	0.00
6.69	6.75	6.81	3207.40	0.00	0.00
6.69	6.75	6.81	3208.20	0.00	
6.69	6.75	6.81	3208.90	0.00	0.00
6.69	6.69	6.81	3206.80	0.00	0.00
6.69	6.69	6.81	3205.80	0.00	0.00
6.69	6.69	6.81	3208.00	0.00	0.00
6.69	6.69	6.81	3208.00	0.00	0.00
6.69	6.69	6.81	3209.40	0.00	0.00
6.69	6.69	6.81	3209.20	0.0˜	0.00
6.69	6.69	6.81	3206.70	0.0˜	
6.69	6.69	6.81	3207.70	0.00	0.00
6.69	6.69	6.81	3206.60	0.00	0.00
6.69	6.69	6.75	3207.70	0.00	0.00
6.69	6.69	6.75	3209.00	0.00	0.00
6.69	6.69	6.81	3209.10	0.00	0.00
6.69	6.75	6.81	3206.90	0.00	0.00
6.69	6.75	6.81	3206.70	0.00	0.00
6.75	6.69	6.81	3206.80	0.00	
6.69	6.75	6.81	3207.20	0.00	0.00
6.75	6.69	6.81	3208.20	0.00	0.00
6.75	6.75	6.81	3208.20	0.00	0.00
6.75	6.75	6.81	3210.40	0.00	0.00
6.75	6.69	6.81	3209.20	0.00	0.00
6.69	6.75	6.81	3207.00	0.00	0.00
6.75	6.69	6.81	3205.90	0.00	0.00
6.75	6.75	6.81	3207.10	0.00	
6.75	6.69	6.81	3211.50	0.00	0.00
6.75	6.69	6.81	3209.30	0.00	0.00
6.75	6.75	6.81	3208.20	0.00	0.00
6.75	6.75	6.81	3206.20	0.00	0.00
6.69	6.75	6.81	3202.90	0.00	0.00
6.69	6.69	6.81	3199.60	0.00	0.00
6.75	6.69	6.81	3161.50	0.00	0.00
6.75	6.69	6.81	3137.30	0.00	
6.69	6.75	6.81	3112.20	0.00	0.00
6.75	6.75	6.88	3085.10	0.00	0.00
6.75	6.75	6.88	3060.10	0.00	0.00
6.81	6.75	6.88	3047.10	0.00	0.00
6.81	6.81	6.94	3036.50	0.00	0.00
6.81	6.81	6.94	3029.00	0.00	0.0˜
6.88	6.88	7.00	3030.20	0.00	0.00
6.94	6.94	7.06	3032.30	0.00	
6.94	7.00	7.06	3030.00	0.00	0.00
7.00	7.00	7.13	3027.80	0.00	0.00
7.00	7.00	7.19	3031.00	0.00	0.00
7.00	7.06	7.19	3032.00	0.00	0.00
7.00	7.06	7.19	3032.10	0.00	0.00
7.06	7.06	7.19	3022.60	0.00	0.00
7.06	7.13	7.19	3001.80	0.00	˜.00
7.13	7.19	7.25	3007.10	0.00	
7.19	7.25	7.25	3004.90	0.00	0.00
7.19	7.31	7.31	3006.30	0.00	0.00
7.25	7.31	7.31	3006.50	0.00	0.00
7.31	7.38	7.38	3005.50	0.00	0.00
7.31	7.44	7.44	3004.40	0.00	0.00
7.38	7.44	7.44	3004.40	0.00	0.00
7.38	7.50	7.50	3006.80	˜.00,0,0.00,1.000	0.00,1.000
7.44	7.56	7.56	3007.00	˜.00,0,0.00,1.000	0.00,1.000
7.44	7.56	7.56	3008.20	0.00	0.00
7.50	7.56	7.56	3006.10	0.00	0.00
7.50	7.63	7.63	3005.10	0.00	0.00
7.50	7.63	7.63	3005.20	0.00	0.00
7.50	7.63	7.63	3006.40	0.00	0.00
7.50	7.63	7.63	3008.70	0.00	0.00
7.56	7.69	7.63	3006.50	0.00	0.00
7.56	7.69	7.69	3005.40	0.00	
7.56	7.69	7.69	3004.50	0.00	0.00
7.63	7.69	7.69	3004.60	0.00	0.00
7.63	7.69	7.69	3007.90	0.00	0.00
7.63	7.69	7.69	3007.90	0.00	0.00
7.63	7.69	7.69	3005.80	0.00	0.00
7.63	7.69	7.69	3004.70	0.00	0.00
7.63	7.69	7.75	3008.30	0.00	0—00
7.63	7.75	7.69	3008.20	0.00	
7.63	7.69	7.69	3005.10	0.00	0.00
7.63	7.69	7.69	3005.10	0.00	0.00
7.63	7.69	7.75	3006.20	0.00	0.00
7.63	7.69	7.75	3007.40	0.00	0.00
7.69	7.69	7.75	3007.30	0.00	0.00
7.69	7.75	7.75	3006.30	0.00	0.00
7.69	7.75	7.75	3005.00	˜.00,0,0.00,1.000	0.00,1.000
7.69	7.75	7.75	3007.50	˜.00,0,0.00,1.000	0.00,1.000
7.69	7.75	7.75	3007.50	0.00	0.00
7.69	7.75	7.81	3007.60	0.00	0.00
7.69	7.75	7.75	3005.30	0.00	0.00
7.69	7.69	7.75	2985.70	0.00	0.00
7.69	7.75	7.75	2962.50	0.00	0.00
7.69	7.75	7.69	2938.40	0.00	0.00
7.63	7.75	7.75	2912.10	0.0˜	1.000
7.69	7.75	7.69	2886.20	0.0˜	
7.69	7.75	7.75	2859.90	0.00	0.00
7.75	7.81	7.81	2835.10	0.00	0.00
7.75	7.81	7.81	2810.20	0.00	0.00
7.81	7.88	7.88	2783.10	0.00	0.00
7.88	7.94	7.94	2756.10	0.00	0.00
7.94	7.94	8.00	2733.30	0.00	0.00
8.00	8.06	8.06	2702.90	0.00	˜.0˜
8.06	8.13	8.13	2679.10	0.00	
8.19	8.19	8.19	2652.10	0.00	0.00
8.25	8.25	8.25	2630.40	0.00	0.00
8.38	8.31	8.31	2603.30	0.00	0.00
8.50	8.44	8.44	2574.20	0.00	0.00
8.69	8.63	8.63	2548.20	0.00	0.00
8.88	8.69	8.75	2523.20	0.00	0.00
9.06	8.88	9.00	2501.90	0.00	0.00
9.19	9.06	9.19	2472.70	0.00	
9.31	9.19	9.31	2444.50	0.00	0.00
9.44	9.31	9.44	2420.70	0.00	0.00
9.56	9.44	9.56	2394.70	0.16	0.00
9.69	9.50	9.69	2368.80	0.40	0.00
9.75	9.63	9.75	2342.70	0.53	0.00
9.81	9.69	9.75	2317.70	0.57	0.00
9.88	9.81	9.81	2289.60	0.›9	0.00
9.88	9.88	9.88	2260.40	0.›9	
10.00	9.94	9.94	2239.70	0.78	0.00
10.00	10.06	10.00	2229.00	0.90	0.00
10.06	10.13	10.00	2230.20	0.96	0.00
10.06	10.19	10.00	2228.20	0.92	0.00
10.06	10.25	10.06	2215.20	0.81	0.00
10.06	10.25	10.00	2197.90	0.75	0.00
10.06	10.31	10.06	2200.20	0.76	0.00
10.13	10.31	10.13	2200.30	0.76	
10.19	10.38	10.19	2211.50	0.92	0.00
10.25	10.50	10.25	2211.60	1.10	0.00
10.31	10.56	10.31	2210.80	1.28	0.00
10.31	10.69	10.44	2208.80	1.50	0.00
10.38	10.75	10.50	2208.80	1.57	0.00
10.44	10.81	10.56	2209.00	1.66	0—00–1.˜00
10.50	10.88	10.56	2213.50	1.70	0.00
10.56	10.88	10.63	2211.50	1.70	
10.56	10.94	10.63	2209.20	1.72	0.00
10.56	10.94	10.69	2210.60	1.79	0.00
10.63	10.94	10.69	2210.70	1.81	0.00
10.63	10.94	10.69	2211.90	1.82	0.00
10.63	11.00	10.69	2210.80	1.80	0.00
10.63	11.00	10.75	2211.00	1.78	0.00
10.69	11.00	10.75	2213.30	1.79	0.00
10.69	11.00	10.75	2212.10	1.79	
10.69	11.00	10.75	2213.30	1.82	0.00
10.69	11.00	10.75	2207.90	1.88	0.00
10.69	11.00	10.75	2209.10	1.87	0.00
10.69	11.00	10.75	2213.50	1.86	0.00
10.69	11.00	10.81	2213.50	1.81	0.00
10.75	11.06	10.75	2209.30	1.78	0.00
10.75	11.06	10.81	2209.20	1.83	0.00
10.75	11.06	10.81	2209.30	1.83	
10.75	11.06	10.81	2211.50	1.87	0.00
10.75	11.06	10.81	2213.80	1.89	0.00
10.75	11.06	10.81	2211.60	1.88	0.00
10.75	11.06	10.81	2211.70	1.85	0.00
10.75	11.06	10.81	2210.60	1.84	0.00
10.81	11.06	10.88	2210.60	1.83	0.00
10.81	11.06	10.88	2211.70	˜.8š,0–0.00,1.000	0.00,1.000
10.81	11.06	10.88	2209.70	˜.8š,0–0.00,1.000	0.00,1.000
10.81	11.06	10.88	2211.80	1.85	0.00
10.81	11.06	10.88	2211.90	1.81	0.00
10.81	11.06	10.88	2213.00	1.82	0.00
10.81	11.06	10.88	2211.90	1.78	0.00
10.81	11.06	10.88	2209.80	1.73	0.00
10.81	11.06	10.88	2208.80	1.71	0.00
10.81	11.06	10.88	2211.00	1.70	0.00
10.81	11.13	10.88	2214.30	1.70	
10.88	11.06	10.88	2211.00	1.72	0.00
10.81	11.06	10.88	2211.00	1.73	0.00
10.88	11.06	10.88	2211.00	1.77	0.00
10.81	11.13	10.88	2211.10	1.75	0.00
10.88	11.06	10.88	2211.10	1.75	0.00
10.88	11.06	10.88	2208.90	1.78	0.00
10.88	11.06	10.88	2214.50	1.77	0.00
10.88	11.06	10.94	2213.40	1.77	
10.88	11.13	10.94	2210.10	1.79	0.00
10.88	11.13	10.94	2211.20	1.84	0.00
10.88	11.13	10.94	2212.40	1.83	0.00
10.88	11.13	10.94	2212.40	1.85	0.00
10.88	11.06	10.94	2212.40	1.87	0.00
10.88	11.13	10.94	2213.50	1.84	0.00
10.88	11.13	10.94	2210.30	1.87	0.00
10.88	11.06	10.94	2212.50	1.87	
10.88	11.13	10.94	2213.60	1.83	0.00
10.88	11.13	10.94	2202.70	1.87	0.00
10.88	11.13	10.94	2175.20	1.88	0.00
10.88	11.13	10.94	2151.10	1.86	0.00
10.88	11.13	10.94	2128.00	1.92	0.00
10.94	11.13	10.94	2102.80	1.88	0.00
10.88	11.13	10.94	2076.50	1.87	0.00
10.88	11.13	10.94	2050.20	1.87	
10.88	11.13	10.94	2028.30	1.87	0.00
10.88	11.13	10.94	2003.10	1.85	0.00
10.94	11.13	10.94	1976.80	1.83	0.00
10.88	11.13	10.94	1950.50	1.84	0.00
10.94	11.13	10.94	1926.40	1.85	0.00
10.94	11.13	10.94	1901.20	1.88	0.00
10.94	11.13	10.94	1873.80	1.92	0.00
10.94	11.13	10.94	1850.70	1.92	
10.94	11.13	10.94	1823.30	1.97	0.00
10.94	11.13	11.00	1799.30	2.00	0.00
10.94	11.13	11.00	1774.10	2.06	0.00
10.94	11.19	11.00	1748.90	2.14	0.00
11.00	11.19	11.00	1722.60	2.16	0.00
11.00	11.19	11.00	1698.60	2.19	0.00
11.00	11.19	11.00	1669.00	2.17	0.00
11.00	11.19	11.00	1643.80	2.17	
11.00	11.19	11.00	1618.60	2.15	0.00
11.00	11.19	11.00	1593.30	2.16	0.00
11.06	11.19	11.06	1568.10	2.21	0.00
11.06	11.19	11.06	1540.70	2.23	0.00
11.06	11.25	11.06	1514.40	2.25	0.00
11.06	11.25	11.06	1489.20	2.33	0.00
11.06	11.25	11.06	1463.90	2.™2	0.00
11.06	11.25	11.13	1436.50	2.™2	
11.13	11.25	11.13	1411.30	2.34	0.00
11.13	11.31	11.13	1384.90	2.32	0.00
11.19	11.31	11.13	1358.60	2.30	0.00
11.19	11.31	11.19	1332.30	2.29	0.00
11.19	11.38	11.19	1304.90	2.29	0.00
11.25	11.38	11.19	1279.50	2.33	0.00
11.25	11.38	11.19	1229.10	2.35	0.00–1.000†2.42
11.31	11.44	11.19	1199.50	2.35	
11.25	11.44	11.25	1174.20	2.44	0.00
11.31	11.50	11.19	1173.10	2.42	0.00
11.31	11.44	11.25	1173.20	2.35	0.00
11.31	11.50	11.25	1173.20	2.19	0.00
11.31	11.50	11.25	1173.20	2.05	0.00
11.31	11.50	11.25	1171.00	1.95	0.00
11.31	11.50	11.25	1173.20	1.92	0.00
11.31	11.50	11.25	1173.20	1.92	
11.31	11.50	11.25	1173.20	1.91	0.00
11.31	11.56	11.25	1173.30	1.97	0.00
11.31	11.56	11.31	1171.10	2.00	0.00
11.38	11.63	11.31	1173.30	1.94	0.00
11.38	11.69	11.31	1172.20	1.96	0.00
11.44	11.69	11.38	1173.30	1.96	0.00
11.44	11.69	11.38	1170.00	2.06	1.000
11.50	11.75	11.38	1172.20	2.06	
11.50	11.75	11.44	1171.10	2.13	0.00
11.50	11.81	11.44	1172.20	2.22	0.00
11.56	11.75	11.44	1173.40	2.25	0.00
11.56	11.75	11.44	1172.30	2.22	0.00
11.56	11.81	11.50	1172.30	2.18	0.00
11.56	11.75	11.50	1171.20	2.16	0.00
11.56	11.81	11.50	1174.50	2—13–1	1.000
11.56	11.81	11.50	1171.20	2—13–1	
11.56	11.81	11.50	1171.20	2.04	0.00
11.56	11.81	11.50	1173.40	2.06	0.00
11.56	11.81	11.50	1172.30	2.06	0.00
11.56	11.81	11.50	1172.30	2.03	0.00
11.56	11.81	11.50	1173.40	2.12	0.00
11.56	11.81	11.50	1173.40	2.10	0.00
11.56	11.81	11.56	1173.40	2.08	1.000
11.56	11.81	11.50	1173.50	2.08	
11.56	11.81	11.56	1174.60	2.13	0.00
11.56	11.81	11.50	1173.50	2.10	0.00
11.56	11.81	11.56	1171.30	2.11	0.00
11.63	11.88	11.56	1172.40	2.11	0.00
11.63	11.81	11.56	1171.30	2.10	0.00
11.56	11.81	11.56	1174.70	2.09	0.00
11.56	11.81	11.56	1172.50	2.11	0.00
11.63	11.81	11.56	1173.50	2.11	
11.56	11.81	11.56	1172.50	2.14	0.00
11.63	11.81	11.56	1173.60	2.12	0.00
11.63	11.81	11.56	1172.50	2.17	0.00
11.63	11.81	11.56	1170.30	2.15	0.00
11.63	11.81	11.56	1172.50	2.12	0.00
11.63	11.88	11.56	1171.40	2.19	0.00
11.63	11.81	11.56	1175.80	2.10	0.00
11.63	11.88	11.56	1169.20	2.10	
11.63	11.81	11.56	1173.60	2.14	0.00
11.63	11.81	11.56	1170.30	2.15	0.00
11.63	11.88	11.56	1173.60	2.09	0.00
11.63	11.81	11.63	1171.50	2.18	0.00
11.63	11.81	11.56	1174.80	2.18	0.00
11.63	11.81	11.63	1172.60	2.24	0.00
11.63	11.81	11.63	1169.20	2.26	0.00
11.63	11.81	11.63	1171.50	2.26	
11.63	11.88	11.56	1173.70	2.24	0.00
11.63	11.81	11.63	1172.60	2.16	0.00
11.63	11.81	11.63	1171.50	2.09	0.00
11.63	11.81	11.63	1173.70	2.04	0.00
11.63	11.81	11.63	1173.70	2.03	0.00
11.63	11.88	11.63	1170.40	2.09	0.00
11.63	11.88	11.63	1173.70	2.07	0.00
11.63	11.81	11.63	1173.70	2.07	
11.63	11.81	11.63	1173.80	2.10	0.00
11.63	11.88	11.63	1169.30	2.05	0.00
11.63	11.81	11.63	1149.60	2.05	0.00
11.63	11.81	11.63	1122.10	2.13	0.00
11.63	11.81	11.63	1103.40	2.02	0.00
11.63	11.88	11.63	1091.30	1.94	0.00
11.63	11.88	11.63	1094.60	1.86	0.00
11.63	11.88	11.63	1094.60	1.86	
11.63	11.88	11.63	1095.70	1.78	0.00
11.69	11.88	11.63	1090.20	1.83	0.00
11.63	11.88	11.63	1092.40	1.92	0.00
11.63	11.88	11.69	1091.30	1.93	0.00
11.63	11.88	11.63	1093.50	1.85	0.00
11.63	11.88	11.63	1093.60	1.89	0.00
11.69	11.88	11.63	1094.70	1.œ6	0—00
11.63	11.88	11.69	1092.50	1.œ6	
11.63	11.88	11.63	1092.50	1.87	0.00
11.63	11.88	11.69	1092.50	1.93	0.00
11.63	11.88	11.69	1095.80	1.91	0.00
11.63	11.88	11.69	1092.50	1.93	0.00
11.63	11.88	11.69	1091.40	1.91	0.00
11.69	11.88	11.69	1093.60	1.85	0.00
11.69	11.88	11.69	1094.70	˜.8š,1,0.00,1.000	0.00,1.000
11.69	11.88	11.69	1096.90	˜.8š,1,0.00,1.000	0.00,1.000
11.63	11.88	11.69	1092.50	1.78	0.00
11.63	11.88	11.69	1091.40	1.79	0.00
11.69	11.88	11.69	1093.60	1.85	0.00
11.63	11.88	11.69	1094.70	1.84	0.00
11.69	11.88	11.69	1094.70	1.89	0.00
11.69	11.88	11.69	1091.40	1.90	0.00
11.69	11.88	11.69	1095.80	1.85	0.00
11.69	11.88	11.69	1092.50	1.85	
11.69	11.88	11.69	1095.90	1.88	0.00
11.69	11.88	11.69	1091.50	1.87	0.00
11.69	11.88	11.69	1095.90	1.95	0.00
11.69	11.88	11.69	1091.50	1.93	0.00
11.69	11.88	11.69	1095.80	1.85	0.00
11.69	11.88	11.69	1093.70	1.87	0.00
11.69	11.88	11.69	1094.70	1.81	0.00
11.69	11.88	11.69	1091.50	1.81	
11.69	11.88	11.69	1077.20	1.94	0.00
11.63	11.88	11.69	1057.40	1.94	0.00
11.69	11.88	11.69	1036.50	2.08	0.00
11.69	11.88	11.69	1023.30	1.99	0.00
11.69	11.88	11.69	1022.20	0.00	0.00
11.63	11.88	11.69	1022.20	0.00	0.00
11.63	11.88	11.69	1022.20	0.00	0.00
11.63	11.88	11.69	1022.20	0.00	
11.63	11.88	11.63	1022.20	0.00	0.00
11.63	11.88	11.63	1023.30	0.00	0.00
11.63	11.81	11.63	1023.30	0.00	0.00
11.56	11.88	11.63	1023.30	0.00	0.00
11.56	11.81	11.63	1022.20	0.00	0.00
11.56	11.81	11.63	1023.30	0.00	0.00
11.56	11.81	11.63	1022.20	0.˜˜	0.00
11.56	11.81	11.63	1023.30	0.˜˜	
11.56	11.81	11.63	1023.30	0.00	0.00
11.56	11.81	11.63	1023.30	0.00	0.00
11.56	11.75	11.63	1023.30	0.00	0.00
11.50	11.75	11.63	1023.30	0.00	0.00
11.50	11.75	11.56	1022.20	0.00	0.00
11.50	11.75	11.56	1023.30	0.00	0.00
11.50	11.81	11.56	1023.30	0.00–˜–0.00	
11.50	11.75	11.56	1022.20	0.00–˜–0.00	
11.50	11.75	11.56	1021.10	0.00	0.00
11.50	11.75	11.56	1022.20	0.00	0.00
11.44	11.75	11.56	1023.30	0.00	0.00
11.50	11.75	11.56	1023.30	0.00	0.00
11.50	11.75	11.56	1023.30	0.00	0.00
11.50	11.75	11.56	1023.30	0.00	0.00
11.44	11.75	11.56	1024.40	0.00	0.00
11.44	11.75	11.56	1023.30	0.00	
11.50	11.75	11.56	1022.20	0.00	0.00
11.50	11.75	11.56	1023.30	0.00	0.00
11.44	11.75	11.56	1022.20	0.00	0.00
11.50	11.75	11.56	1022.20	0.00	0.00
11.44	11.75	11.56	1023.30	0.00	0.00
11.50	11.75	11.56	1023.30	0.00	0.00
11.50	11.75	11.56	1023.30	0.00	0.00
11.50	11.75	11.56	1023.30	0.00	
11.50	11.75	11.56	1023.30	0.00	0.00
11.50	11.75	11.56	1023.30	0.00	0.00
11.50	11.75	11.56	1023.30	0.00	0.00
11.50	11.75	11.56	1023.30	0.00	0.00
11.50	11.75	11.56	1023.30	0.00	0.00
11.50	11.75	11.63	1022.20	0.00	0.00
11.44	11.75	11.63	1022.20	0.00	0.00
11.50	11.75	11.56	1023.30	0.00	
11.50	11.75	11.63	1023.30	0.00	0.00
11.50	11.81	11.63	1022.20	0.00	0.00
11.50	11.81	11.63	1022.20	0.00	0.00
11.50	11.81	11.63	1023.30	0.00	0.00
11.50	11.75	11.63	1023.30	0.00	0.00
11.50	11.81	11.63	1024.40	0.00	0.00
11.50	11.81	11.63	1022.20	0.00	0.00
11.50	11.81	11.63	1022.30	0.00	
11.50	11.81	11.63	1023.30	0.00	0.00
11.50	11.81	11.63	1023.40	0.00	0.00
11.50	11.81	11.63	1023.40	0.00	0.00
11.50	11.81	11.63	1023.30	0.00	0.00
11.50	11.81	11.63	1023.40	0.00	0.00
11.50	11.81	11.63	1024.40	0.00	0.00
11.50	11.81	11.63	1023.40	0.00	0.00
11.50	11.81	11.63	1023.40	0.00	
11.50	11.81	11.63	1022.30	0.00	0.00
11.50	11.81	11.63	1023.40	0.00	0.00
11.50	11.81	11.63	1023.40	0.00	0.00
11.50	11.81	11.63	1022.30	0.00	0.00
11.50	11.81	11.63	1023.40	0.00	0.00
11.50	11.81	11.63	1022.20	0.00	0.00
11.50	11.81	11.63	1024.40	0.00	0.00
11.50	11.81	11.63	1023.40	0.00	
11.50	11.81	11.63	1024.40	0.00	0.00
11.50	11.88	11.63	1023.40	0.00	0.00
11.50	11.81	11.63	1023.40	0.00	0.00
11.50	11.81	11.69	1023.40	0.00	0.00
11.50	11.88	11.69	1023.40	0.00	0.00
11.50	11.81	11.69	1022.30	0.00	0.00
11.50	11.81	11.69	1024.50	0.00	0.00
11.50	11.81	11.69	1022.30	0.00	
11.50	11.88	11.69	1024.50	0.00	0.00
11.50	11.88	11.69	1023.40	0.00	0.00
11.50	11.88	11.69	1023.40	0.00	0.00
11.50	11.81	11.69	1023.40	0.00	0.00
11.50	11.88	11.69	1023.40	0.00	0.00
11.50	11.88	11.69	1022.30	0.00	0.00
11.50	11.88	11.69	1022.30	0.00	0.00
11.50	11.88	11.69	1022.30	0.00	
11.50	11.88	11.69	1024.50	0.00	0.00
11.50	11.88	11.69	1023.40	0.00	0.00
11.50	11.88	11.69	1022.30	0.00	0.00
11.56	11.88	11.69	1023.40	0.00	0.00
11.50	11.88	11.69	1023.40	0.00	0.00
11.50	11.81	11.69	1024.50	0.00	0.00
11.56	11.88	11.69	1022.30	0.00	0.00
11.56	11.88	11.69	1024.50	0.00	
11.50	11.88	11.69	1024.50	0.00	0.00
11.56	11.88	11.69	1022.30	0.00	0.00
11.50	11.88	11.69	1022.30	0.00	0.00
11.50	11.88	11.69	1023.40	0.00	0.00
11.56	11.88	11.69	1022.30	0.00	0.00
11.50	11.88	11.69	1022.30	0.00	0.00
11.56	11.88	11.69	1023.40	0.00	0.00
11.56	11.88	11.69	1023.40	0.00	
11.56	11.88	11.69	1023.40	0.00	0.00
11.56	11.88	11.75	1023.40	0.00	0.00
11.56	11.88	11.75	1023.40	0.00	0.00
11.56	11.88	11.69	1023.40	0.00	0.00
11.50	11.88	11.69	1023.40	0.00	0.00
11.56	11.88	11.69	1023.40	0.00	0.00
11.56	11.88	11.69	1023.40	0.00	˜.00
11.56	11.88	11.69	1023.40	0.00	
11.56	11.88	11.69	1022.30	0.00	0.00
11.56	11.88	11.75	1023.40	0.00	0.00
11.56	11.88	11.75	1022.30	0.00	0.00
11.56	11.88	11.75	1022.30	0.00	0.00
11.56	11.88	11.75	1023.40	0.00	0.00
11.56	11.88	11.75	1022.30	0.00	0.00
11.56	11.88	11.69	1022.30	0.00	0.00
11.56	11.88	11.75	1022.30	0.00	
11.56	11.88	11.75	1024.50	0.00	0.00
11.50	11.88	11.75	1023.40	0.00	0.00
11.56	11.88	11.75	1023.40	0.00	0.00
11.56	11.88	11.75	1023.40	0.00	0.00
11.56	11.88	11.75	1023.40	0.00	0.00
11.56	11.88	11.75	1023.40	0.00	0.00
11.56	11.88	11.75	1021.20	0.00	0.00
11.56	11.88	11.75	1022.30	0.00	
11.56	11.88	11.75	1022.30	0.00	0.00
11.56	11.88	11.75	1023.40	0.00	0.00
11.56	11.88	11.75	1022.30	0.00	0.00
11.56	11.88	11.75	1023.40	0.00	0.00
11.56	11.88	11.75	1023.40	0.00	0.00
11.56	11.94	11.75	1022.40	0.00	0.00
11.56	11.88	11.75	1022.30	0.00	0.00
11.56	11.88	11.75	1022.40	0.00	
11.56	11.94	11.75	1023.40	0.00	0.00
11.56	11.94	11.75	1023.40	0.00	0.00
11.56	11.94	11.75	1022.30	0.00	0.00
11.56	11.88	11.75	1023.40	0.00	0.00
11.56	11.94	11.75	1023.40	0.00	0.00
11.56	11.94	11.75	1022.30	0.00	0.00
11.56	11.88	11.75	1023.40	0.00	0.00–1.˜00†0.00
11.56	11.88	11.81	1022.30	0.00	
11.56	11.94	11.81	1021.20	0.00	0.00
11.56	11.94	11.81	1022.30	0.00	0.00
11.56	11.94	11.75	1023.40	0.00	0.00
11.56	11.94	11.75	1023.40	0.00	0.00
11.56	11.94	11.81	1023.40	0.00	0.00
11.56	11.88	11.75	1021.20	0.00	0.00
11.56	11.94	11.81	1022.30	0.00	
11.56	11.94	11.75	1024.50	0.00	0.00
11.63	11.94	11.75	1023.40	0.00	0.00
11.56	11.94	11.81	1022.30	0.00	0.00
11.56	11.94	11.81	1023.40	0.00	0.00
11.56	11.88	11.81	1023.40	0.00	0.00
11.56	11.94	11.81	1022.30	˜.0˜,0,0.00,1.000	0.00,1.000
11.63	11.94	11.75	1022.40	0.00	0.00
11.56	11.94	11.81	1022.30	0.00	
11.63	11.94	11.75	1023.40	0.00	0.00
11.63	11.94	11.81	1022.30	0.00	0.00
11.56	11.94	11.81	1023.40	0.00	0.00
11.63	11.94	11.81	1023.50	0.00	0.00
11.63	11.94	11.81	1022.40	0.00	0.00
11.63	11.94	11.81	1023.50	0.00	0.00
11.63	11.94	11.81	1022.30	0.00	0—00
11.63	11.94	11.81	1022.40	0.00	
11.63	11.94	11.81	1023.50	0.00	0.00
11.63	11.94	11.81	1022.40	0.00	0.00
11.63	11.94	11.81	1023.50	0.00	0.00
11.63	11.94	11.81	1023.50	0.00	0.00
11.63	11.94	11.81	1022.40	0.00	0.00
11.56	11.94	11.81	1024.60	0.00	0.00
11.63	11.94	11.81	1023.50	0.00	0.00
11.63	11.94	11.81	1023.50	0.00	
11.63	12.00	11.81	1024.50	0.00	0.00
11.63	12.00	11.81	1022.40	0.00	0.00
11.63	11.94	11.81	1023.50	0.00	0.00
11.63	12.00	11.81	1023.50	0.00	0.00
11.63	12.00	11.81	1022.40	0.00	0.00
11.63	11.94	11.81	1021.30	0.00	0.00
11.63	12.00	11.81	1023.50	0.00	0.00
11.63	12.00	11.81	1022.40	0.00	
11.63	12.00	11.81	1023.50	0.00	0.00
11.63	11.94	11.81	1023.50	0.00	0.00
11.63	11.94	11.81	1023.50	0.00	0.00
11.63	12.00	11.88	1023.50	0.00	0.00
11.63	12.00	11.88	1022.40	0.00	0.00
11.63	12.00	11.88	1023.50	0.00	0.00
11.63	12.00	11.88	1024.60	0.00–0	1.000
11.63	12.00	11.88	1024.60	0.00–0	
11.63	11.94	11.88	1022.40	0.00	0.00
11.63	12.00	11.88	1023.50	0.00	0.00
11.63	12.00	11.88	1023.50	0.00	0.00
11.63	12.00	11.88	1023.50	0.00	0.00
11.63	12.00	11.88	1023.50	0.00	0.00
11.63	12.00	11.88	1022.40	0.00	0.00
11.63	12.00	11.88	1022.40	0.00	˜.0˜
11.63	12.00	11.88	1024.60	0.00	
11.63	12.00	11.88	1023.50	0.00	0.00
11.63	12.00	11.88	1022.40	0.00	0.00
11.63	12.00	11.88	1023.50	0.00	0.00
11.63	12.00	11.88	1023.50	0.00	0.00
11.63	12.00	11.88	1023.50	0.00	0.00
11.63	12.00	11.88	1022.40	0.00	0.00
11.63	12.00	11.88	1022.40	0.00	0.00
11.63	12.00	11.88	1023.40	0.00	
11.63	12.00	11.88	1024.60	0.00	0.00
11.63	12.00	11.88	1023.50	0.00	0.00
11.69	12.00	11.94	1023.50	0.00	0.00
11.69	12.00	11.88	1023.50	0.00	0.00
11.63	12.00	11.88	1023.50	0.00	0.00
11.63	12.00	11.88	1022.40	0.00	0.00
11.63	12.00	11.94	1022.40	0.00	
11.63	12.00	11.94	1022.40	0.00	0.00
11.63	12.00	11.88	1022.40	0.00	0.00
11.63	12.00	11.88	1023.50	0.00	0.00
11.69	12.00	11.94	1023.50	0.00	0.00
11.69	12.00	11.94	1022.40	0.00	0.00
11.69	12.00	11.94	1022.40	0.00	0—00–1.000
11.63	12.00	11.88	1023.50	0.00	0.00
11.69	12.00	11.94	1022.40	0.00	
11.69	12.00	11.94	1024.60	0.00	0.00
11.69	12.00	11.94	1022.40	0.00	0.00
11.69	12.06	11.94	1022.40	0.00	0.00
11.69	12.06	11.94	1023.50	0.00	0.00
11.69	12.06	11.94	1023.50	0.00	0.00
11.69	12.06	11.94	1022.40	0.00	0.00
11.69	12.00	11.94	1023.50	0.00	0.00
11.69	12.06	11.94	1022.40	0.00	
11.69	12.00	11.94	1022.40	0.00	0.00
11.69	12.00	11.94	1023.50	0.00	0.00
11.69	12.00	11.94	1023.50	0.00	0.00
11.69	12.06	11.94	1023.50	0.00	0.00
11.69	12.06	11.94	1022.40	0.00	0.00
11.69	12.06	11.94	1022.40	0.00	0.00
11.69	12.06	11.88	1022.40	0.00	0.00
11.69	12.06	11.94	1022.40	0.00	
11.69	12.06	11.94	1022.40	0.00	0.00
11.69	12.00	11.94	1023.50	0.00	0.00
11.69	12.06	11.88	1023.50	0.00	0.00
11.69	12.00	11.94	1022.40	0.00	0.00
11.69	12.06	11.88	1023.50	0.00	0.00
11.69	12.00	11.88	1023.50	0.00	0.00
11.63	12.00	11.94	1022.40	0.00	0.00
11.63	12.06	11.88	1023.50	0.00	
11.69	12.00	11.88	1022.40	0.00	0.00
11.69	12.06	11.88	1023.50	0.00	0.00
11.63	12.00	11.88	1022.40	0.00	0.00
11.63	12.00	11.88	1023.50	0.00	0.00
11.63	12.00	11.88	1022.40	0.00	0.00
11.63	12.06	11.88	1021.30	0.00	0.00
11.63	12.06	11.88	1022.40	0.00	0—00
11.63	12.06	11.94	1022.40	0.00	
11.63	12.06	11.88	1022.40	0.00	0.00
11.63	12.06	11.88	1022.40	0.00	0.00
11.63	12.00	11.88	1023.50	0.00	0.00
11.63	12.00	11.94	1022.40	0.00	0.00
11.63	12.00	11.88	1022.40	0.00	0.00
11.69	12.00	11.88	1024.60	0.00	0.00
11.63	12.00	11.88	1022.40	0.00	0.0˜
11.63	12.00	11.94	1024.60	0.00	
11.63	12.00	11.94	1021.30	0.00	0.00
11.63	12.00	11.94	1023.50	0.00	0.00
11.63	12.00	11.94	1022.40	0.00	0.00
11.63	12.00	11.94	1022.40	0.00	0.00
11.69	12.00	11.94	1022.40	0.00	0.00
11.63	12.06	11.94	1021.30	0.00	0.00
11.63	12.00	11.94	1023.50	0.00	0.00
11.69	12.00	11.94	1024.60	0.00	
11.69	12.00	11.94	1022.40	0.00	0.00
11.69	12.00	11.94	1022.40	0.00	0.00
11.63	12.00	11.94	1023.50	0.00	0.00
11.69	12.00	11.94	1022.40	0.00	0.00
11.69	12.00	11.94	1023.50	0.00	0.00
11.69	12.00	11.94	1021.30	0.00	0.00
11.69	12.00	11.94	1023.50	0.00	0.00
11.69	12.00	11.94	1024.60	0.00	
11.69	12.06	11.94	1022.40	0.00	0.00
11.69	12.00	11.94	1023.50	0.00	0.00
11.69	12.00	11.94	1022.40	0.00	0.00
11.69	12.00	11.94	1023.50	0.00	0.00
11.69	12.00	11.94	1023.50	0.00	0.00
11.69	12.00	11.94	1023.50	0.00	0.00
11.69	12.00	11.94	1024.60	0.00	0.00
11.69	12.00	11.94	1023.50	0.00	
11.69	12.00	11.94	1022.40	0.00	0.00
11.69	12.00	11.94	1022.40	0.00	0.00
11.69	12.00	11.94	1023.50	0.00	0.00
11.69	12.00	11.94	1022.40	0.00	0.00
11.69	12.00	11.94	1022.40	0.00	0.00
11.69	12.00	11.94	1021.30	0.00	0.00
11.69	12.06	11.94	1022.40	0.˜0	0.00
11.69	12.00	11.94	1022.40	0.˜0	
11.69	12.06	11.94	1022.40	0.00	0.00
11.69	12.00	11.94	1022.40	0.00	0.00
11.69	12.06	11.94	1023.50	0.00	0.00
11.69	12.06	11.94	1023.50	0.00	0.00
11.69	12.06	11.94	1022.40	0.00	0.00
11.69	12.06	11.94	1022.40	0.00	0.00
11.69	12.06	11.94	1023.50	0.00	0.00
11.69	12.06	11.94	1023.50	0.00	
11.69	12.06	11.94	1023.50	0.00	0.00
11.69	12.00	11.94	1022.40	0.00	0.00
11.69	12.06	11.94	1023.50	0.00	0.00
11.69	12.06	11.94	1022.40	0.00	0.00
11.69	12.00	11.94	1022.40	0.00	0.00
11.69	12.06	11.94	1022.40	0.00	0.00
11.69	12.00	11.94	1023.50	0.00	0.˜0
11.69	12.00	11.94	1022.40	0.00	
11.69	12.06	11.94	1023.50	0.00	0.00
11.69	12.00	11.94	1022.40	0.00	0.00
11.69	12.06	11.94	1023.50	0.00	0.00
11.69	12.00	11.94	1022.40	0.00	0.00
11.69	12.00	11.94	1022.40	0.00	0.00
11.69	12.06	11.94	1024.60	0.00	0.00
11.69	12.00	11.94	1024.60	0.00	0.00
11.69	12.06	12.00	1022.40	0.00	
11.69	12.06	11.94	1022.40	0.00	0.00
11.69	12.06	12.00	1022.40	0.00	0.00
11.69	12.06	12.00	1023.50	0.00	0.00
11.69	12.06	11.94	1022.40	0.00	0.00
11.69	12.06	11.94	1022.40	0.00	0.00
11.69	12.06	12.00	1024.60	0.00	0.00
11.69	12.06	12.00	1023.50	0.00	0.00
11.75	12.06	12.00	1023.50	0.00	
11.75	12.06	12.00	1024.60	0.00	0.00
11.75	12.06	11.94	1022.40	0.00	0.00
11.69	12.06	12.00	1022.40	0.00	0.00
11.69	12.06	12.00	1022.40	0.00	0.00
11.75	12.06	11.94	1023.50	0.00	0.00
11.69	12.06	12.00	1024.60	0.00	0.00
11.75	12.06	12.00	1023.50	0.00–0	1.000
11.75	12.06	12.00	1022.40	0.00–0	
11.75	12.06	12.00	1022.40	0.00	0.00
11.75	12.06	12.00	1022.40	0.00	0.00
11.75	12.06	12.00	1022.40	0.00	0.00
11.75	12.06	11.94	1022.40	0.00	0.00
11.75	12.06	12.00	1023.50	0.00	0.00
11.75	12.06	12.00	1022.40	0.00	0.00
11.75	12.06	12.00	1022.40	0.00	0.00
11.75	12.06	12.00	1022.40	0.00	
11.75	12.06	12.00	1023.60	0.00	0.00
11.75	12.06	12.00	1022.40	0.00	0.00
11.75	12.06	12.00	1022.40	0.00	0.00
11.75	12.06	12.00	1022.40	0.00	0.00
11.75	12.06	11.94	1023.50	0.00	0.00
11.75	12.06	11.94	1022.40	0.00	0.00
11.69	12.06	12.00	1022.40	0—00	0.00
11.75	12.06	12.00	1023.50	0—00	
11.75	12.06	12.00	1022.40	0.00	0.00
11.75	12.06	12.00	1022.40	0.00	0.00
11.75	12.06	12.00	1023.50	0.00	0.00
11.75	12.06	12.00	1022.40	0.00	0.00
11.75	12.06	12.00	1023.50	0.00	0.00
11.75	12.06	12.00	1021.30	0.00	0.00
11.75	12.06	12.00	1022.40	0.00	0.0˜
11.75	12.06	12.00	1022.40	0.00	
11.75	12.06	12.00	1022.40	0.00	0.00
11.75	12.06	12.00	1022.40	0.00	0.00
11.75	12.00	12.00	1022.40	0.00	0.00
11.75	12.00	12.00	1023.50	0.00	0.00
11.75	12.06	12.00	1022.40	0.00	0.00
11.75	12.00	12.00	1023.50	0.00	0.00
11.75	12.06	12.00	1021.30	0—00–0	1.000
11.75	12.06	12.00	1022.40	0—00–0	
11.75	12.06	12.00	1021.30	0.00	0.00
11.75	12.06	11.94	1022.40	0.00	0.00
11.75	12.00	12.00	1023.50	0.00	0.00
11.75	12.00	12.00	1022.40	0.00	0.00
11.75	12.00	12.00	1023.50	0.00	0.00
11.75	12.00	12.00	1022.40	0.00	0.00
11.75	12.00	12.00	1022.40	0.00	0.00
11.75	12.00	11.94	1024.60	0.00	
11.75	12.00	12.00	1023.50	0.00	0.00
11.75	12.00	12.00	1022.40	0.00	0.00
11.75	12.00	12.00	1022.40	0.00	0.00
11.75	12.00	11.94	1023.50	0.00	0.00
11.75	12.00	12.00	1023.50	0.00	0.00
11.75	12.00	12.00	1022.40	0.00	0.00
11.75	12.00	11.94	1022.40	0.00	0—00
11.75	12.00	12.00	1023.50	0.00	
11.75	12.00	12.00	1023.50	0.00	0.00
11.75	12.00	12.00	1022.40	0.00	0.00
11.75	12.00	12.00	1022.40	0.00	0.00
11.75	12.00	12.00	1022.40	0.00	0.00
11.75	12.06	12.00	1023.50	0.00	0.00
11.75	12.00	12.00	1022.40	0.00	0.00
11.75	12.00	12.00	1022.40	0.0˜	1.000
11.75	12.06	12.00	1023.50	0.0˜	
11.75	12.00	12.00	1023.50	0.00	0.00
11.75	12.06	12.00	1023.50	0.00	0.00
11.75	12.06	12.00	1023.50	0.00	0.00
11.75	12.06	12.00	1022.40	0.00	0.00
11.75	12.06	12.06	1023.50	0.00	0.00
11.75	12.06	12.06	1022.40	0.00	0.00
11.75	12.06	12.00	1024.60	0.00	0.00
11.75	12.06	12.06	1023.50	0.00	
11.75	12.06	12.00	1023.50	0.00	0.00
11.81	12.06	12.00	1022.40	0.00	0.00
11.81	12.06	12.00	1023.50	0.00	0.00
11.81	12.06	12.00	1022.40	0.00	0.00
11.81	12.06	12.00	1023.50	0.00	0.00
11.81	12.13	12.06	1022.40	0.00	0.00
11.81	12.06	12.00	1022.40	0.00	0.00
11.81	12.13	12.06	1024.60	0.00	
11.81	12.13	12.00	1023.50	0.00	0.00
11.81	12.13	12.06	1022.40	0.00	0.00
11.81	12.13	12.06	1022.40	0.00	0.00
11.81	12.13	12.06	1022.40	0.00	0.00
11.81	12.13	12.06	1023.50	0.00	0.00
11.81	12.13	12.06	1023.50	0.00	0.00
11.81	12.13	12.06	1022.40	0.00	0—00–1.000
11.81	12.13	12.06	1024.60	0.00	
11.81	12.13	12.06	1022.40	0.00	0.00
11.81	12.13	12.06	1022.40	0.00	0.00
11.81	12.13	12.06	1022.40	0.00	0.00
11.81	12.13	12.06	1022.40	0.00	0.00
11.81	12.13	12.06	1022.40	0.00	0.00
11.81	12.13	12.06	1022.40	0.00	0.00
11.81	12.13	12.06	1024.60	0.00	0—00
11.81	12.13	12.06	1023.50	0.00	
11.81	12.13	12.06	1022.40	0.00	0.00
11.88	12.19	12.06	1022.40	0.00	0.00
11.88	12.13	12.06	1022.50	0.00	0.00
11.88	12.19	12.13	1022.50	0.00	0.00
11.88	12.25	12.13	1022.50	0.00	0.00
11.88	12.25	12.13	1024.70	0.00	0.00
11.94	12.25	12.13	1022.50	0.˜0	0—00
11.94	12.25	12.19	1023.60	0.˜0	
11.94	12.31	12.19	1021.40	0.00	0.00
11.94	12.31	12.19	1022.50	0.00	0.00
12.00	12.38	12.19	1022.50	0.00	0.00
12.00	12.38	12.25	1022.50	0.00	0.00
12.00	12.44	12.25	1022.50	0.00	0.00
12.00	12.44	12.25	1022.60	0.00	0.00
12.00	12.44	12.25	1022.60	0.00	0.00
12.06	12.44	12.25	1022.50	0.00	0.00
12.06	12.50	12.31	1022.60	0.00	
12.06	12.56	12.31	1022.60	0.00	0.00
12.13	12.56	12.31	1023.70	0.00	0.00
12.13	12.63	12.38	1022.60	0.00	0.00
12.19	12.63	12.44	1022.60	0.00	0.00
12.25	12.69	12.44	1022.70	0.00	0.00
12.25	12.75	12.50	1022.70	0.00	0.00
12.31	12.81	12.50	1022.70	0.00	0.00
12.38	12.81	12.50	1021.60	0.00	0.00
12.38	12.81	12.50	1022.70	0.00	0.˜0
12.38	12.81	12.50	1022.70	0.00	0.00
12.38	12.81	12.56	1022.70	0.00	
12.38	12.81	12.56	1023.80	0.00	0.00
12.38	12.81	12.56	1023.80	0.00	0.00
12.38	12.81	12.50	1022.70	0.00	0.00
12.38	12.81	12.50	1022.70	0.00	0.00
12.38	12.81	12.56	1022.70	0.00	0.00
12.38	12.81	12.56	1022.80	0.00	0.00
12.38	12.81	12.56	1022.80	0.00	0.00
12.38	12.81	12.56	1022.80	0.00	0.00
12.38	12.81	12.50	1022.80	0.00	0—00
12.38	12.81	12.50	1023.90	0.00	0.00
12.38	12.81	12.50	1023.90	0.00	
12.38	12.81	12.50	1022.80	0.00	0.00
12.38	12.81	12.50	1022.80	0.00	0.00
12.38	12.75	12.50	1022.80	0.00	0.00
12.38	12.81	12.56	1022.80	0.00	0.00
12.38	12.81	12.50	1022.80	0.00	0.00
12.38	12.81	12.50	1022.80	0.00	0.00
12.38	12.81	12.50	1023.90	0.00	0.00
12.38	12.81	12.56	1022.80	0.00	0.00
12.38	12.75	12.56	1022.80	0.00	0.00
12.38	12.75	12.50	1021.70	0.00	0.00
12.38	12.81	12.50	1025.00	0.00	
12.38	12.81	12.50	1022.80	0.00	0.00
12.38	12.81	12.50	1022.80	0.00	0.00
12.38	12.81	12.56	1022.80	0.00	0.00
12.38	12.81	12.50	1023.90	0.00	0.00
12.38	12.81	12.50	1022.80	0.00	0.00
12.38	12.81	12.50	1022.90	0.00	0.00
12.38	12.81	12.56	1022.90	0.00	0.00
12.38	12.81	12.56	1022.90	0.00	0.00
12.38	12.75	12.56	1022.90	0.00	0—00–1.000
12.38	12.81	12.56	1025.10	0.00	0.00
12.44	12.81	12.50	1021.80	0.00	
12.38	12.81	12.50	1022.90	0.00	0.00
12.38	12.81	12.56	1022.90	0.00	0.00
12.38	12.81	12.56	1022.90	0.00	0.00
12.38	12.81	12.56	1022.90	0.00	0.00
12.38	12.81	12.56	1022.90	0.00	0.00
12.44	12.81	12.56	1022.90	0.00	0.00
12.38	12.81	12.56	1021.80	0.00	0.00
12.44	12.81	12.56	1022.90	˜.0˜,0,0.00,1.000	0.00,1.000
12.38	12.81	12.56	1024.00	0.00	0.00
12.44	12.81	12.56	1024.00	0.00	0.00
12.38	12.81	12.56	1022.90	0.00	
12.44	12.81	12.56	1021.80	0.00	0.00
12.44	12.81	12.56	1022.90	0.00	0.00
12.38	12.81	12.56	1022.90	0.00	0.00
12.38	12.81	12.56	1022.90	0.00	0.00
12.44	12.81	12.56	1022.90	0.00	0.00
12.44	12.81	12.56	1022.90	0.00	0.00
12.44	12.81	12.56	1024.00	0.00	0.00
12.38	12.81	12.56	1024.00	0.00	0.00
12.44	12.81	12.56	1021.80	0.˜0	0—00
12.44	12.81	12.56	1022.90	0.00	0.00
12.44	12.81	12.56	1021.80	0.00	
12.44	12.81	12.56	1023.00	0.00	0.00
12.44	12.81	12.56	1022.90	0.00	0.00
12.44	12.81	12.56	1022.90	0.00	0.00
